801
300.04	6786.3
300.51	6972.2
300.98	7026.6
301.45	7151
301.92	7318.5
302.55	7385.8
303.02	7599.9
303.49	7733.3
303.96	7975.5
304.43	8089.5
305.05	8305.2
305.52	8468.3
305.99	8484.8
306.46	8763.1
306.93	9015.8
307.56	9152.4
308.03	9443.1
308.5	9545.9
308.97	9806.3
309.44	10095
310.06	10349
310.53	10596
311	10785
311.47	10959
311.94	11250
312.57	11421
313.04	11791
313.51	11965
313.98	12262
314.45	12549
315.07	12759
315.54	12937
316.01	13287
316.48	13401
316.95	13674
317.57	14011
318.04	14118
318.51	14322
318.98	14558
319.45	14827
320.07	15085
320.54	15367
321.01	15517
321.48	15663
321.95	15823
322.58	16013
323.04	16245
323.51	16439
323.98	16580
324.45	16824
325.07	16978
325.54	17108
326.01	17207
326.48	17392
326.95	17582
327.57	17668
328.04	17886
328.51	17720
328.98	17891
329.45	17943
330.07	17874
330.54	18086
331.01	18041
331.48	17976
331.95	17828
332.57	17961
333.04	17973
333.51	17724
333.97	17721
334.44	17779
335.07	17730
335.53	17411
336	17384
336.47	17319
336.94	17133
337.56	16957
338.03	16804
338.5	16753
338.97	16727
339.43	16565
340.06	16509
340.52	16328
340.99	16357
341.46	16247
341.93	16282
342.55	16131
343.02	16243
343.49	16280
343.95	16223
344.58	16173
345.04	16201
345.51	16300
345.98	16180
346.45	16374
347.07	16475
347.54	16434
348	16600
348.47	16551
348.94	16323
349.56	16520
350.03	16703
350.49	16599
350.96	16532
351.43	16759
352.05	16886
352.52	16682
352.99	16782
353.45	16675
354.07	16674
354.54	16786
355.01	16499
355.47	16523
355.94	16665
356.56	16658
357.03	16472
357.5	16557
357.96	16511
358.43	16485
359.05	16436
359.52	16512
359.99	16593
360.45	16496
361.07	16523
361.54	16638
362.01	16537
362.47	16669
362.94	16601
363.56	16610
364.03	16854
364.49	16838
364.96	16963
365.42	16994
366.05	17184
366.51	17319
366.98	17283
367.44	17571
368.07	17771
368.53	18098
369	18458
369.46	18469
369.93	18935
370.55	19293
371.01	19679
371.48	20123
371.95	20562
372.57	20966
373.03	21809
373.5	22231
373.96	22896
374.43	23756
375.05	24434
375.51	25726
375.98	26317
376.45	27213
377.07	28391
377.53	29192
378	30477
378.46	31247
378.93	32385
379.55	34094
380.01	35019
380.48	36703
380.94	37371
381.56	38860
382.03	39637
382.49	40455
382.96	41841
383.58	42733
384.04	43757
384.51	44449
384.97	44969
385.44	46193
386.05	46895
386.52	47865
386.98	48662
387.45	49497
388.07	51475
388.53	52794
389	54944
389.46	56908
389.93	58594
390.54	62813
391.01	64939
391.47	68906
391.94	71426
392.56	76345
393.02	80912
393.48	85894
393.95	92819
394.57	100000
395.03	106000
395.49	113000
395.96	119000
396.58	133000
397.04	139000
397.5	149000
397.97	162000
398.43	172000
399.05	194000
399.51	203000
399.98	216000
400.44	230000
401.06	241000
401.52	257000
401.99	264000
402.45	273000
403.07	283000
403.53	288000
403.99	294000
404.46	295000
405.08	294000
405.54	292000
406	289000
406.46	279000
406.93	274000
407.55	256000
408.01	246000
408.47	234000
408.93	213000
409.55	197000
410.01	178000
410.48	166000
410.94	155000
411.56	134000
412.02	123000
412.48	107000
412.94	96610
413.56	80798
414.02	68699
414.49	62264
414.95	52924
415.57	44692
416.03	39103
416.49	33788
416.95	29714
417.57	23298
418.03	20699
418.49	17522
418.96	14503
419.57	12348
420.03	9774.4
420.5	8986.1
420.96	7689.1
421.57	6462.9
422.04	5845.5
422.5	4757.6
422.96	4280.8
423.57	3445.5
424.04	3031.4
424.5	2752.2
424.96	2348.5
425.58	2139.3
426.04	1861
426.5	1723.4
426.96	1571.2
427.58	1347.2
428.04	1308.7
428.5	1170.8
428.96	1139.7
429.57	1064.8
430.04	989.94
430.5	879.88
430.96	866.9
431.57	899.87
432.03	828.04
432.5	791.76
432.96	802.18
433.57	762.21
434.03	648.61
434.49	653.55
434.95	658.89
435.57	672.72
436.03	654.42
436.49	656.62
436.95	639.13
437.56	594.5
438.03	611.95
438.49	600.72
438.95	582.84
439.56	553.65
440.02	618.62
440.48	641.88
440.94	575.96
441.56	577.06
442.02	609.2
442.48	570.05
442.94	549.65
443.55	548.33
444.01	544
444.47	562.48
444.93	566.31
445.54	508.34
446	563.48
446.46	613.49
447.08	600.24
447.54	559.66
448	623.58
448.46	615.38
449.07	607.52
449.53	608.68
449.99	597.41
450.45	638.98
451.06	700.78
451.52	668
451.98	644.2
452.44	636.73
453.05	706.31
453.51	686.16
453.97	708.73
454.43	706.27
455.04	716.36
455.5	711.9
455.96	708.43
456.57	775.05
457.03	823.06
457.49	829.59
457.95	812.14
458.56	828.2
459.02	827.07
459.48	822.51
459.94	828.84
460.55	863.08
461.01	884.56
461.47	848.31
461.92	912.8
462.54	910.35
462.99	935.49
463.45	923.91
464.06	892.98
464.52	961.36
464.98	1016.9
465.44	1005.5
466.05	983.84
466.51	1040.4
466.97	1005.5
467.42	1023.2
468.04	994.95
468.49	996.33
468.95	1073.5
469.56	1013.1
470.02	976.19
470.48	1048.4
470.94	1057.7
471.55	1046
472	998.49
472.46	1023.7
473.07	1097.1
473.53	1126.8
473.99	1051.4
474.44	1073.7
475.05	1051.5
475.51	1119.6
475.97	1044
476.43	1081
477.04	1075.5
477.49	1130
477.95	1150.4
478.56	1140.7
479.02	1206.2
479.47	1277.2
479.93	1328.7
480.54	1366
481	1368.4
481.45	1471.6
482.06	1475.8
482.52	1557.3
482.98	1619.8
483.43	1566.2
484.04	1616.7
484.5	1455
484.95	1615.2
485.56	1651.2
486.02	1693.9
486.48	1716.8
486.93	1722.8
487.54	1830.2
488	1794.1
488.45	1860.6
489.06	1880.3
489.52	1861.8
489.97	1880.5
490.43	1895.9
491.04	2015.7
491.49	1975.3
491.95	2004.4
492.56	1996.9
493.01	2004
493.47	2086.4
494.08	2066.8
494.53	2113.4
494.99	2079.9
495.44	2046
496.05	2121.9
496.51	2110.5
496.96	2142.6
497.57	2123.9
498.02	2111.4
498.48	2124.6
498.93	2083.5
499.54	2088.4
500	2095.7
500.45	2051.4
501.06	2095.8
501.51	2041.2
501.97	2064
502.57	2131.5
503.03	2095.3
503.48	2036.1
503.94	2018.9
504.54	2074.9
505	2052.3
505.45	1985.3
506.06	2070
506.51	2042.1
506.97	2131.8
507.57	2140.3
508.03	2158.6
508.48	2280.2
508.94	2234.1
509.54	2331.5
510	2288.4
510.45	2398.2
511.06	2435.5
511.51	2482.1
511.96	2574.1
512.57	2709
513.02	2774.4
513.48	2967.5
513.93	3100.7
514.54	3227.8
514.99	3383
515.44	3537.5
516.05	3705.2
516.5	4003.6
516.96	4115.7
517.56	4486.5
518.01	4670.2
518.47	4831.8
519.07	5231.7
519.52	5414
519.98	5799.6
520.43	6092.1
521.03	6560.9
521.49	7073.4
521.94	7351.1
522.54	8151.8
523	8388.8
523.45	8835.7
524.05	9447.5
524.51	9823.2
524.96	10413
525.56	10848
526.02	11355
526.47	11651
527.07	12197
527.52	12628
527.98	12866
528.43	13293
529.03	13600
529.48	13868
529.94	14172
530.54	14420
530.99	14729
531.44	14909
532.05	15075
532.5	15171
532.95	15119
533.55	15092
534	15031
534.46	14915
535.06	14719
535.51	14474
535.96	14229
536.56	13829
537.01	13311
537.47	13093
538.07	12530
538.52	12068
538.97	11690
539.57	10854
540.02	10397
540.47	9723
541.08	9055.9
541.53	8567.7
541.98	8151.2
542.43	7890.3
543.03	7321.4
543.48	7086.1
543.93	6762
544.53	6445.2
544.98	6309.5
545.43	5951.7
546.03	5759.7
546.48	5640.8
546.93	5423.3
547.53	5257.8
547.98	5188.5
548.44	5055.4
549.04	4920.4
549.49	4742.1
549.94	4706.7
550.54	4548.3
550.99	4577
551.44	4514
552.04	4378.3
552.49	4375.5
552.94	4460.1
553.53	4473.5
553.98	4587.7
554.43	4695.9
555.03	4988.1
555.48	5183.7
555.93	5364.6
556.53	5729.2
556.98	6023.4
557.43	6366.3
558.03	6911.6
558.48	7398.2
558.93	7853.4
559.53	8626.2
559.98	9371.7
560.57	10155
561.02	11179
561.47	11615
562.07	12946
562.52	13595
562.97	14432
563.57	16119
564.01	17062
564.46	18452
565.06	19899
565.51	21145
565.96	22427
566.56	23682
567	24997
567.45	25631
568.05	26910
568.5	27480
568.95	27897
569.54	28040
569.99	27847
570.44	27232
571.04	26192
571.48	25086
571.93	23673
572.53	22261
572.98	20203
573.57	18550
574.02	16197
574.47	14839
575.06	12784
575.51	11286
575.96	10469
576.56	8774.8
577	8009.7
577.45	7120.5
578.05	5979.7
578.49	5366.9
578.94	4568
579.54	3917.9
579.98	3373.1
580.43	3132
581.02	2701.3
581.47	2344.5
582.07	2080.2
582.51	1745.6
582.96	1664.4
583.55	1362.7
584	1097.6
584.45	1055.3
585.04	887.13
585.49	886.17
585.93	796.49
586.53	673.67
586.98	709.05
587.57	650.81
588.02	534.61
588.46	439.25
589.06	358.22
589.5	399.36
589.95	358.69
590.54	398.66
590.99	404.96
591.43	379.39
592.03	451.4
592.47	285.9
593.07	347.56
593.51	397.36
593.96	347.34
594.55	293.66
595	337.75
595.44	310.54
596.03	321.21
596.48	148.06
597.07	257.06
597.52	353.89
597.96	337.12
598.55	289.76
599	328.5
599.44	242.91
600.04	300.2
600.48	284.33
601.07	173.62
601.52	209.25
601.96	145.56
602.55	175.64
603	266.39
603.44	244.24
604.03	284.43
604.48	316.72
605.07	224.51
605.51	233.27
605.96	238.95
606.55	253
606.99	231.2
607.44	251.19
608.03	234.39
608.47	199.82
609.06	244.34
609.51	81.453
609.95	265.01
610.54	175.32
610.98	228.53
611.43	203.54
612.02	174.58
612.46	252.55
613.05	226.28
613.5	71.273
613.94	281.04
614.53	179.13
614.97	197.25
615.56	175.64
616	134.34
616.45	168.4
617.04	269
617.48	188.25
618.07	188.37
618.51	191.32
618.95	259.75
619.54	148.06
619.99	165.48
620.43	145.68
621.02	105.89
621.46	129.59
622.05	111.13
622.49	203.99
622.93	84.146
623.52	200.32
623.96	122.99
624.55	188.99
624.99	134.04
625.43	108.86
626.02	178.71
626.46	83.059
627.05	205.36
627.49	228.03
627.93	138.09
628.52	223.92
628.96	64.997
629.55	94.722
629.99	324.81
630.43	203.94
631.02	35.943
631.46	0.1
632.05	249.1
632.49	145.06
632.93	233.57
633.52	164.52
633.96	72.656
634.55	248.25
634.99	268.92
635.57	300.5
636.01	121.78
636.45	322.66
637.04	319.32
637.48	244.56
638.07	53.187
638.51	191.02
638.95	268.24
639.53	140.59
639.97	152.7
640.56	98.009
641	136.36
641.44	166.77
642.02	266.93
642.46	120.45
643.05	184.72
643.49	166.74
644.07	361.23
644.51	205.61
644.95	191.56
645.54	62.353
645.98	204.51
646.56	144.57
647	213.86
647.44	150.23
648.02	237.6
648.46	241.05
649.05	199.3
649.48	237.29
650.07	84.69
650.51	23.492
650.95	119.63
651.53	198.11
651.97	200.34
652.55	268.16
652.99	204.3
653.43	133.37
654.01	325.02
654.45	333.85
655.03	214.68
655.47	70.235
656.05	241.65
656.49	158.76
656.93	295.82
657.51	269.55
657.95	213.72
658.53	156.19
658.97	244.13
659.55	242.58
659.99	150.87
660.43	238.11
661.01	229.1
661.45	233.06
662.03	260.93
662.47	197.4
663.05	332.81
663.49	263.04
664.07	283.04
664.5	261.48
664.94	84.986
665.52	169.76
665.96	252.53
666.54	217.3
666.98	185.23
667.56	135.67
667.99	238.2
668.43	222.84
669.01	460.5
669.45	191.12
670.03	296.27
670.46	276.06
671.04	80.959
671.48	159.6
672.06	254.34
672.5	277.9
672.93	251.1
673.51	239.63
673.95	348.33
674.53	357.94
674.96	159.75
675.54	121.66
675.98	254.29
676.56	274.75
676.99	66.084
677.57	257.71
678.01	319.22
678.44	157.45
679.02	243.35
679.46	186.4
680.03	273.91
680.47	294.57
681.05	319.28
681.48	217.54
682.06	197.84
682.5	235.64
682.93	227.07
683.51	187.26
683.94	212.64
684.52	232.79
684.95	162.05
685.53	252.85
685.97	209.45
686.54	260.16
686.98	256.71
687.56	242.57
687.99	121.68
688.57	222.57
689	295.82
689.43	170.5
690.01	354.23
690.44	143.14
691.02	115.9
691.45	184.64
692.03	62.946
692.46	252.25
693.04	275.58
693.47	315.91
694.05	257.26
694.48	183.33
695.06	135.62
695.49	128.31
696.07	178.61
696.5	183.63
696.93	174.73
697.51	206.29
697.94	268.48
698.51	185.88
698.95	254.29
699.52	200.61
699.95	162.37