801
300.04	612.7408815
300.51	591.0608815
300.98	578.5608815
301.45	568.0108815
301.92	553.4108815
302.55	546.2708815
303.02	541.6908815
303.49	540.6208815
303.96	542.7708815
304.43	544.8308815
305.05	550.7808815
305.52	559.3608815
305.99	564.6608815
306.46	569.3908815
306.93	583.3908815
307.56	588.0708815
308.03	601.4308815
308.5	602.2808815
308.97	612.0908815
309.44	618.6008815
310.06	628.9008815
310.53	635.8908815
311	641.1008815
311.47	654.8808815
311.94	671.6408815
312.57	684.6008815
313.04	706.0008815
313.51	727.3208815
313.98	751.9908815
314.45	792.8808815
315.07	818.5008815
315.54	860.5508815
316.01	892.5308815
316.48	925.8808815
316.95	994.0208815
317.57	1043.920882
318.04	1109.520882
318.51	1161.520882
318.98	1206.320882
319.45	1293.520882
320.07	1349.920882
320.54	1416.520882
321.01	1458.420882
321.48	1498.420882
321.95	1563.920882
322.58	1591.920882
323.04	1626.920882
323.51	1655.420882
323.98	1672.320882
324.45	1694.220882
325.07	1706.220882
325.54	1721.220882
326.01	1737.620882
326.48	1748.920882
326.95	1781.520882
327.57	1809.220882
328.04	1860.520882
328.51	1898.720882
328.98	1943.920882
329.45	2044.520882
330.07	2118.420882
330.54	2227.920882
331.01	2311.420882
331.48	2400.320882
331.95	2557.020882
332.57	2700.820882
333.04	2868.420882
333.51	2982.120882
333.97	3118.320882
334.44	3349.920882
335.07	3510.420882
335.53	3703.720882
336	3824.620882
336.47	3929.320882
336.94	4096.420882
337.56	4208.120882
338.03	4297.220882
338.5	4351.120882
338.97	4391.120882
339.43	4406.620882
340.06	4400.420882
340.52	4360.820882
340.99	4334.620882
341.46	4296.020882
341.93	4232.820882
342.55	4191.020882
343.02	4142.320882
343.49	4126.620882
343.95	4122.320882
344.58	4152.320882
345.04	4174.220882
345.51	4264.320882
345.98	4328.720882
346.45	4414.020882
347.07	4643.020882
347.54	4782.520882
348	5057.320882
348.47	5256.220882
348.94	5483.120882
349.56	6021.220882
350.03	6257.120882
350.49	6671.920882
350.96	6943.420882
351.43	7211.620882
352.05	7769.620882
352.52	8073.220882
352.99	8501.720882
353.45	8784.120882
354.07	9190.720882
354.54	9451.420882
355.01	9589.720882
355.47	9715.420882
355.94	9749.620882
356.56	9726.120882
357.03	9605.020882
357.5	9506.520882
357.96	9316.820882
358.43	9173.220882
359.05	8820.620882
359.52	8456.220882
359.99	8241.820882
360.45	7919.120882
361.07	7654.320882
361.54	7426.520882
362.01	7236.520882
362.47	7140.220882
362.94	7017.020882
363.56	6931.820882
364.03	6931.920882
364.49	7005.720882
364.96	7104.120882
365.42	7311.020882
366.05	7588.120882
366.51	7866.220882
366.98	8227.120882
367.44	8495.720882
368.07	9164.920882
368.53	9517.920882
369	10034.32088
369.46	10726.32088
369.93	11196.32088
370.55	12351.32088
371.01	12769.32088
371.48	13437.32088
371.95	14066.32088
372.57	14608.32088
373.03	15277.32088
373.5	15527.32088
373.96	15797.32088
374.43	15915.32088
375.05	15875.32088
375.51	15606.32088
375.98	15457.32088
376.45	15099.32088
377.07	14604.32088
377.53	14159.32088
378	13479.32088
378.46	13151.32088
378.93	12582.32088
379.55	11630.32088
380.01	11166.32088
380.48	10263.32088
380.94	9953.620882
381.56	9241.820882
382.03	8895.020882
382.49	8499.420882
382.96	8010.320882
383.58	7700.620882
384.04	7447.420882
384.51	7347.220882
384.97	7288.220882
385.44	7288.920882
386.05	7348.320882
386.52	7488.520882
386.98	7614.720882
387.45	7778.120882
388.07	8145.420882
388.53	8390.820882
389	8818.620882
389.46	9166.820882
389.93	9559.720882
390.54	10455.32088
391.01	10911.32088
391.47	11694.32088
391.94	12161.32088
392.56	13033.32088
393.02	13608.32088
393.48	14078.32088
393.95	14616.32088
394.57	14929.32088
395.03	15018.32088
395.49	14984.32088
395.96	14880.32088
396.58	14433.32088
397.04	14185.32088
397.5	13732.32088
397.97	13196.32088
398.43	12723.32088
399.05	11692.32088
399.51	11259.32088
399.98	10583.32088
400.44	9928.620882
401.06	9271.320882
401.52	8370.720882
401.99	7984.120882
402.45	7374.220882
403.07	6537.320882
403.53	6072.520882
403.99	5249.720882
404.46	4981.020882
405.08	4256.220882
405.54	3952.520882
406	3652.520882
406.46	3132.020882
406.93	2900.620882
407.55	2456.520882
408.01	2224.920882
408.47	1988.620882
408.93	1636.620882
409.55	1444.320882
410.01	1233.020882
410.48	1118.920882
410.94	1016.620882
411.56	833.6908815
412.02	754.6708815
412.48	635.2508815
412.94	576.5208815
413.56	477.3808815
414.02	402.4108815
414.49	360.5308815
414.95	307.7508815
415.57	262.3208815
416.03	230.8608815
416.49	204.9108815
416.95	182.8008815
417.57	147.8308815
418.03	136.9708815
418.49	121.3208815
418.96	101.5708815
419.57	91.2168815
420.03	76.4888815
420.5	69.7128815
420.96	65.6008815
421.57	53.4678815
422.04	50.2258815
422.5	42.6968815
422.96	38.0748815
423.57	32.2708815
424.04	29.3468815
424.5	26.8098815
424.96	24.5828815
425.58	20.0028815
426.04	19.7588815
426.5	17.4958815
426.96	16.9928815
427.58	12.7428815
428.04	11.7598815
428.5	11.3528815
428.96	10.6408815
429.57	10.6918815
430.04	9.9658815
430.5	5.9308815
430.96	4.3668815
431.57	7.1008815
432.03	4.5798815
432.5	5.9538815
432.96	5.1428815
433.57	4.8108815
434.03	1.8858815
434.49	1.9888815
434.95	1.7698815
435.57	3.7388815
436.03	0.1344815
436.49	1.5898815
436.95	2.5658815
437.56	1.3378815
438.03	1.4788815
438.49	0.0547815
438.95	0.5086815
439.56	0.1382815
440.02	-1.4405185
440.48	1.2293815
440.94	0.8229815
441.56	0.2607815
442.02	1.7098815
442.48	1.1970815
442.94	1.1657815
443.55	-0.6051185
444.01	1.8628815
444.47	0.8362815
444.93	-0.1408185
445.54	-0.4323185
446	-0.5101185
446.46	1.7168815
447.08	1.0878815
447.54	-0.6222185
448	0.3538815
448.46	0.6368815
449.07	-0.1693185
449.53	-0.9241185
449.99	-1.4567185
450.45	0.5627815
451.06	1.2350815
451.52	-0.2965185
451.98	-1.6807185
452.44	-2.3661185
453.05	-1.1225185
453.51	-0.1778185
453.97	1.3167815
454.43	-2.7951185
455.04	-1.2934185
455.5	0.0936815
455.96	-1.9560185
456.57	-1.6532185
457.03	0.8751815
457.49	-0.2025185
457.95	-0.8833185
458.56	-1.2260185
459.02	-0.6051185
459.48	-0.5757185
459.94	-0.2177185
460.55	-0.0012185
461.01	1.9678815
461.47	-0.3677185
461.92	-1.0475185
462.54	-1.0105185
462.99	-1.9503185
463.45	-0.5975185
464.06	-1.7737185
464.52	-1.5459185
464.98	-1.4121185
465.44	-1.2212185
466.05	-1.8108185
466.51	0.3965815
466.97	-1.2905185
467.42	-0.4807185
468.04	-0.4940185
468.49	-1.0095185
468.95	-0.7371185
469.56	-0.3383185
470.02	-2.0111185
470.48	-1.2364185
470.94	0.2076815
471.55	-0.1797185
472	-1.5488185
472.46	-2.1402185
473.07	-0.4171185
473.53	0.0300815
473.99	-1.2136185
474.44	-0.3051185
475.05	-0.5244185
475.51	-0.9573185
475.97	0.2095815
476.43	-0.4940185
477.04	0.3215815
477.49	-2.8074185
477.95	-1.1719185
478.56	-0.6250185
479.02	-3.3589185
479.47	-3.7727185
479.93	-2.2778185
480.54	-3.1140185
481	-3.1216185
481.45	-2.0424185
482.06	-1.3950185
482.52	-2.2664185
482.98	-1.2412185
483.43	-2.1762185
484.04	-3.2915185
484.5	-8.5791185
484.95	-3.1909185
485.56	-1.8592185
486.02	-2.7647185
486.48	-1.9266185
486.93	-1.2098185
487.54	0.8134815
488	-0.2699185
488.45	-0.1456185
489.06	-1.0617185
489.52	-1.6902185
489.97	-2.3480185
490.43	-2.4401185
491.04	-0.8054185
491.49	-1.5564185
491.95	-1.9712185
492.56	-0.7570185
493.01	-1.9294185
493.47	-0.9412185
494.08	0.0908815
494.53	-1.4975185
494.99	-1.7491185
495.44	-1.2279185
496.05	0.2493815
496.51	-1.3171185
496.96	1.2872815
497.57	-1.8620185
498.02	-0.5215185
498.48	0.7925815
498.93	0.1639815
499.54	-1.4908185
500	-1.6219185
500.45	-1.3636185
501.06	0.8371815
501.51	-0.7067185
501.97	1.7888815
502.57	0.9102815
503.03	-1.9370185
503.48	-3.5373185
503.94	-2.0614185
504.54	-0.5367185
505	2.3518815
505.45	-3.1909185
506.06	-0.7010185
506.51	-2.4990185
506.97	-0.7760185
507.57	-1.7794185
508.03	-0.3041185
508.48	1.2483815
508.94	-0.6326185
509.54	1.5468815
510	-2.0595185
510.45	1.0793815
511.06	0.6016815
511.51	-1.6817185
511.96	0.0471815
512.57	0.7412815
513.02	-2.6081185
513.48	2.0228815
513.93	1.2217815
514.54	0.5067815
514.99	1.6218815
515.44	1.5868815
516.05	-0.1019185
516.5	0.8922815
516.96	-0.2728185
517.56	-1.9921185
518.01	0.4649815
518.47	-1.9930185
519.07	-0.8662185
519.52	-1.0276185
519.98	-0.2889185
520.43	0.1487815
521.03	-0.5757185
521.49	-0.7551185
521.94	-0.5510185
522.54	2.3478815
523	1.3748815
523.45	1.0508815
524.05	-0.2623185
524.51	-0.1721185
524.96	0.1810815
525.56	-1.1358185
526.02	0.1088815
526.47	0.2778815
527.07	1.3988815
527.52	1.6538815
527.98	0.6045815
528.43	2.0108815
529.03	0.9406815
529.48	-0.6687185
529.94	1.4648815
530.54	1.8188815
530.99	-0.4275185
531.44	-0.3734185
532.05	0.3680815
532.5	0.0110815
532.95	0.9672815
533.55	1.0603815
534	0.5010815
534.46	1.0631815
535.06	1.3928815
535.51	1.3768815
535.96	1.0669815
536.56	1.7278815
537.01	1.4188815
537.47	1.3718815
538.07	1.5948815
538.52	-0.3639185
538.97	0.7061815
539.57	0.4772815
540.02	1.0080815
540.47	0.3889815
541.08	1.5938815
541.53	-0.6317185
541.98	-2.6205185
542.43	-1.9209185
543.03	-2.0367185
543.48	-0.9004185
543.93	0.2047815
544.53	-3.0058185
544.98	-1.9494185
545.43	-0.5120185
546.03	1.5568815
546.48	0.4848815
546.93	-1.0523185
547.53	0.8713815
547.98	-0.4142185
548.44	-1.0485185
549.04	0.6453815
549.49	0.0851815
549.94	-1.3940185
550.54	-1.2231185
550.99	1.2179815
551.44	3.1718815
552.04	-0.8149185
552.49	-2.7306185
552.94	0.5390815
553.53	-0.2785185
553.98	-0.9905185
554.43	-0.3715185
555.03	2.2138815
555.48	1.1505815
555.93	-2.7742185
556.53	0.8419815
556.98	-0.5310185
557.43	-0.0582185
558.03	1.6038815
558.48	-0.8140185
558.93	1.2417815
559.53	-2.5075185
559.98	-2.0424185
560.57	1.0175815
561.02	-1.5165185
561.47	-6.1355185
562.07	-3.7214185
562.52	-0.1683185
562.97	2.7028815
563.57	-1.0342185
564.01	2.1988815
564.46	-4.4133185
565.06	0.0015815
565.51	0.4972815
565.96	0.5190815
566.56	0.9558815
567	-1.6912185
567.45	-1.0276185
568.05	1.4368815
568.5	-3.3200185
568.95	0.6520815
569.54	-0.5918185
569.99	0.8371815
570.44	1.6288815
571.04	-0.3801185
571.48	1.6778815
571.93	-1.3874185
572.53	1.0422815
572.98	-0.0003185
573.57	1.1182815
574.02	-0.6003185
574.47	0.0385815
575.06	0.8181815
575.51	-2.5208185
575.96	-0.5927185
576.56	-2.0187185
577	0.5617815
577.45	4.8088815
578.05	-0.9848185
578.49	-1.7927185
578.94	1.1486815
579.54	-1.8392185
579.98	-0.7988185
580.43	0.8476815
581.02	-0.6668185
581.47	-1.9721185
582.07	0.6947815
582.51	-1.8041185
582.96	-4.4313185
583.55	0.4317815
584	-3.7651185
584.45	-2.0576185
585.04	0.0357815
585.49	-0.6829185
585.93	4.3128815
586.53	-3.2725185
586.98	-0.7238185
587.57	1.9118815
588.02	0.2465815
588.46	-5.0595185
589.06	-5.9590185
589.5	-2.8644185
589.95	-0.6564185
590.54	-0.2016185
590.99	0.1117815
591.43	-0.2111185
592.03	0.7735815
592.47	-2.7239185
593.07	-1.9475185
593.51	-4.0052185
593.96	-0.0639185
594.55	-1.4567185
595	0.1829815
595.44	-1.2459185
596.03	-4.2595185
596.48	-4.8232185
597.07	-2.1857185
597.52	2.5398815
597.96	0.9739815
598.55	-0.7019185
599	0.4430815
599.44	-1.3541185
600.04	-0.2234185
600.48	-2.2569185
601.07	-4.4655185
601.52	-1.7937185
601.96	-2.3053185
602.55	-2.2968185
603	1.3186815
603.44	-0.7627185
604.03	3.3308815
604.48	2.0218815
605.07	1.0289815
605.51	-0.7010185
605.96	-0.2880185
606.55	-1.0010185
606.99	2.4538815
607.44	0.1335815
608.03	-2.2199185
608.47	2.1338815
609.06	-1.1681185
609.51	-2.5853185
609.95	3.1908815
610.54	-2.7467185
610.98	1.8148815
611.43	-0.0772185
612.02	-2.3139185
612.46	0.7621815
613.05	-1.5744185
613.5	-0.8197185
613.94	-2.5977185
614.53	-1.8136185
614.97	2.7488815
615.56	-2.9982185
616	-2.4819185
616.45	-5.4172185
617.04	-0.4855185
617.48	-1.4605185
618.07	2.1298815
618.51	-2.6262185
618.95	-0.1104185
619.54	-1.4159185
619.99	-1.1358185
620.43	-1.0428185
621.02	-5.3669185
621.46	-1.3057185
622.05	-2.3196185
622.49	-1.9171185
622.93	-3.4054185
623.52	1.9968815
623.96	-2.3765185
624.55	0.2864815
624.99	3.6858815
625.43	-1.4643185
626.02	-0.4570185
626.46	-2.1221185
627.05	0.2142815
627.49	-0.8624185
627.93	-5.8964185
628.52	-3.0087185
628.96	-0.7456185
629.55	-1.6997185
629.99	3.0078815
630.43	-5.3935185
631.02	-5.6573185
631.46	-4.5679185
632.05	2.2128815
632.49	1.1192815
632.93	2.7858815
633.52	3.2578815
633.96	2.3638815
634.55	3.0118815
634.99	1.3678815
635.57	2.3998815
636.01	-6.7977185
636.45	1.7488815
637.04	-0.1313185
637.48	1.0603815
638.07	-5.1468185
638.51	2.0538815
638.95	0.0319815
639.53	-0.3905185
639.97	-0.3288185
640.56	-5.5633185
641	0.1677815
641.44	0.5703815
642.02	1.3598815
642.46	-3.7129185
643.05	0.5655815
643.49	0.2218815
644.07	4.7028815
644.51	3.1198815
644.95	0.2854815
645.54	-1.4111185
645.98	-4.0166185
646.56	0.5057815
647	1.1002815
647.44	-3.9872185
648.02	3.5658815
648.46	1.9938815
649.05	-1.6817185
649.48	0.9235815
650.07	-3.2564185
650.51	-5.7009185
650.95	-0.3051185
651.53	0.1876815
651.97	1.3998815
652.55	1.5688815
652.99	-0.7646185
653.43	4.2958815
654.01	4.9468815
654.45	3.6638815
655.03	-0.3383185
655.47	-2.5948185
656.05	-1.8516185
656.49	1.1714815
656.93	3.1628815
657.51	1.6028815
657.95	-1.8041185
658.53	-2.9052185
658.97	3.2258815
659.55	-1.8013185
659.99	-3.1159185
660.43	2.5698815
661.01	1.0223815
661.45	0.7051815
662.03	-0.1408185
662.47	1.3708815
663.05	4.9888815
663.49	2.4748815
664.07	1.7378815
664.5	-0.0838185
664.94	-1.7946185
665.52	2.6918815
665.96	4.2658815
666.54	-2.5502185
666.98	-3.6835185
667.56	-1.1757185
667.99	0.0661815
668.43	-1.8696185
669.01	6.1738815
669.45	-1.0095185
670.03	-0.4646185
670.46	5.9688815
671.04	-5.5472185
671.48	-1.0826185
672.06	5.4338815
672.5	4.6428815
672.93	6.1458815
673.51	3.7288815
673.95	5.1948815
674.53	6.0458815
674.96	-1.7139185
675.54	-2.0576185
675.98	-1.3893185
676.56	6.9688815
676.99	-4.8479185
677.57	3.1848815
678.01	4.7478815
678.44	5.8428815
679.02	3.0328815
679.46	0.7963815
680.03	1.9408815
680.47	1.3388815
681.05	0.8969815
681.48	1.1049815
682.06	-1.4244185
682.5	3.3788815
682.93	4.9298815
683.51	-3.7034185
683.94	5.2428815
684.52	-4.0147185
684.95	-1.0437185
685.53	3.1838815
685.97	-0.4285185
686.54	0.8827815
686.98	3.7438815
687.56	0.4601815
687.99	-0.4703185
688.57	-0.6725185
689	3.2788815
689.43	3.6348815
690.01	4.8408815
690.44	-1.9797185
691.02	-1.5924185
691.45	3.6338815
692.03	-1.7538185
692.46	-1.0456185
693.04	2.5278815
693.47	7.6868815
694.05	1.3908815
694.48	0.2436815
695.06	2.3528815
695.49	-2.8796185
696.07	2.1448815
696.5	1.6038815
696.93	3.7448815
697.51	3.0538815
697.94	2.7098815
698.51	3.9518815
698.95	3.5488815
699.52	3.2348815
699.95	1.4368815