1813
0.0000000000000000000000000000	280
0.0000035422716002283800000000	303
0.0000049672203664426400000000	303.5
0.0000066053385749311200000000	304
0.0000085107411619627000000000	304.5
0.0000110423446841446000000000	305
0.0000141816351119820000000000	305.5
0.0000175148235091974000000000	306
0.0000210675157186852000000000	306.5
0.0000254576781933638000000000	307
0.0000311597410869672000000000	307.5
0.0000377691555828822000000000	308
0.0000449115522180533000000000	308.5
0.0000523086056918048000000000	309
0.0000598874865042606000000000	309.5
0.0000684210517509838000000000	310
0.0000789852314710431000000000	310.5
0.0000924717496072674000000000	311
0.0001076655334198940000000000	311.5
0.0001238369433187810000000000	312
0.0001413943287834630000000000	312.5
0.0001602556691550640000000000	313
0.0001799327365800070000000000	313.5
0.0002007756144241250000000000	314
0.0002237670630666370000000000	314.5
0.0002483182640189030000000000	315
0.0002717806937921050000000000	315.5
0.0002941034157570810000000000	316
0.0003194193296733730000000000	316.5
0.0003492282775356140000000000	317
0.0003820593216793360000000000	317.5
0.0004153457906160670000000000	318
0.0004490077103888580000000000	318.5
0.0004854027693707100000000000	319
0.0005227842088979250000000000	319.5
0.0005602787987129170000000000	320
0.0006024548377257280000000000	320.5
0.0006489103720349580000000000	321
0.0006947966823519080000000000	321.5
0.0007381009738389780000000000	322
0.0007794632895319070000000000	322.5
0.0008199680833022150000000000	323
0.0008635168595017630000000000	323.5
0.0009131045755888080000000000	324
0.0009660468454839700000000000	324.5
0.0010194087506572000000000000	325
0.0010767686331523900000000000	325.5
0.0011439544679308100000000000	326
0.0012191430036942800000000000	326.5
0.0012960544930079400000000000	327
0.0013709244088438900000000000	327.5
0.0014414141311810600000000000	328
0.0015107670497350800000000000	328.5
0.0015870687785493300000000000	329
0.0016728350480985800000000000	329.5
0.0017634551609989100000000000	330
0.0018502727080888600000000000	330.5
0.0019305744004203900000000000	331
0.0020100380294050200000000000	331.5
0.0020928810082166400000000000	332
0.0021778998238014600000000000	332.5
0.0022623852341392000000000000	333
0.0023438844429392800000000000	333.5
0.0024240964861019700000000000	334
0.0025081283569976500000000000	334.5
0.0025970708568460700000000000	335
0.0026869319201428100000000000	335.5
0.0027721465550011700000000000	336
0.0028505110799142700000000000	336.5
0.0029249198052909100000000000	337
0.0030012524699375200000000000	337.5
0.0030836529188797900000000000	338
0.0031715886325471300000000000	338.5
0.0032625684631028400000000000	339
0.0033555857222871600000000000	339.5
0.0034525398719608800000000000	340
0.0035522453435190700000000000	340.5
0.0036490663713384600000000000	341
0.0037429033621200200000000000	341.5
0.0038386725570240100000000000	342
0.0039384152971476700000000000	342.5
0.0040408627091424200000000000	343
0.0041412917550144000000000000	343.5
0.0042321720536546100000000000	344
0.0043148344728433700000000000	344.5
0.0044017084386953800000000000	345
0.0044974106539489100000000000	345.5
0.0045951483993264900000000000	346
0.0046927506464306300000000000	346.5
0.0047921417846770900000000000	347
0.0048906766652091400000000000	347.5
0.0049874303713841700000000000	348
0.0050849977921100100000000000	348.5
0.0051817380202179600000000000	349
0.0052780770675645500000000000	349.5
0.0053809299703206400000000000	350
0.0054930777205333300000000000	350.5
0.0056078154811255500000000000	351
0.0057188980358152400000000000	351.5
0.0058266631328038100000000000	352
0.0059303999275502300000000000	352.5
0.0060345450337768600000000000	353
0.0061473744260519200000000000	353.5
0.0062691078544525000000000000	354
0.0063950788035142000000000000	354.5
0.0065218927762958000000000000	355
0.0066466742296688400000000000	355.5
0.0067656478433365600000000000	356
0.0068774099720486000000000000	356.5
0.0069791972466740200000000000	357
0.0070751517408855000000000000	357.5
0.0071684488753043800000000000	358
0.0072552908267279000000000000	358.5
0.0073464003328917700000000000	359
0.0074550944475266500000000000	359.5
0.0075774624514451900000000000	360
0.0076999767819823300000000000	360.5
0.0078144426925044400000000000	361
0.0079231828900859000000000000	361.5
0.0080335523115061600000000000	362
0.0081520748703028700000000000	362.5
0.0082779380006739200000000000	363
0.0084040050953269600000000000	363.5
0.0085307130894619900000000000	364
0.0086592084766891700000000000	364.5
0.0087897278919380300000000000	365
0.0089295787509132800000000000	365.5
0.0090815650644818800000000000	366
0.0092391405608899400000000000	366.5
0.0093955932738030300000000000	367
0.0095493136542618900000000000	367.5
0.0096973011559849500000000000	368
0.0098405368133053200000000000	368.5
0.0099867245005425900000000000	369
0.0101419182038541000000000000	369.5
0.0103040112832314000000000000	370
0.0104595988933572000000000000	370.5
0.0106087172885074000000000000	371
0.0107621507872414000000000000	371.5
0.0109137274929683000000000000	372
0.0110570241348154000000000000	372.5
0.0111944580951670000000000000	373
0.0113228360235679000000000000	373.5
0.0114445666487877000000000000	374
0.0115658484157897000000000000	374.5
0.0116908991016642000000000000	375
0.0118270158316073000000000000	375.5
0.0119727017553403000000000000	376
0.0121199295863171000000000000	376.5
0.0122714815793313000000000000	377
0.0124376440996010000000000000	377.5
0.0126198922734851000000000000	378
0.0128067572202600000000000000	378.5
0.0129814580609531000000000000	379
0.0131378388016894000000000000	379.5
0.0132896474318915000000000000	380
0.0134509846521467000000000000	380.5
0.0136195495275305000000000000	381
0.0137813776434840000000000000	381.5
0.0139236597063660000000000000	382
0.0140459341018787000000000000	382.5
0.0141536258806377000000000000	383
0.0142539408993145000000000000	383.5
0.0143605275452634000000000000	384
0.0144866977086918000000000000	384.5
0.0146314582013299000000000000	385
0.0147797830332618000000000000	385.5
0.0149223755944471000000000000	386
0.0150653901483299000000000000	386.5
0.0152120330206722000000000000	387
0.0153584500747380000000000000	387.5
0.0155032826360126000000000000	388
0.0156470900515877000000000000	388.5
0.0157967242568375000000000000	389
0.0159611547519497000000000000	389.5
0.0161385032129170000000000000	390
0.0163210972186274000000000000	390.5
0.0165101404341321000000000000	391
0.0167062538633452000000000000	391.5
0.0168961479669679000000000000	392
0.0170632488980239000000000000	392.5
0.0171943759268105000000000000	393
0.0172933699677611000000000000	393.5
0.0173943377022474000000000000	394
0.0175302796338495000000000000	394.5
0.0177023955809179000000000000	395
0.0178951192806431000000000000	395.5
0.0180821560603505000000000000	396
0.0182334916340743000000000000	396.5
0.0183467120262156000000000000	397
0.0184693047961217000000000000	397.5
0.0186416163432367000000000000	398
0.0188580782133512000000000000	398.5
0.0191000755340782000000000000	399
0.0193534841387878000000000000	399.5
0.0196124433628714000000000000	400
0.0201449718779176000000000000	401
0.0207004240391245000000000000	402
0.0212574684303690000000000000	403
0.0218097823152914000000000000	404
0.0223610390006250000000000000	405
0.0229000516029968000000000000	406
0.0234288702735005000000000000	407
0.0239658471060602000000000000	408
0.0245345509753181000000000000	409
0.0250799371746801000000000000	410
0.0256132820905369000000000000	411
0.0261958557706579000000000000	412
0.0267854274643146000000000000	413
0.0273610652159453000000000000	414
0.0279450655659825000000000000	415
0.0285494683948795000000000000	416
0.0291566208546912000000000000	417
0.0297445516207180000000000000	418
0.0303325991908134000000000000	419
0.0309086421321340000000000000	420
0.0314983996132433000000000000	421
0.0321227999651523000000000000	422
0.0327345222818461000000000000	423
0.0333361649569394000000000000	424
0.0339467852933054000000000000	425
0.0345592706363781000000000000	426
0.0351541446384569000000000000	427
0.0357430312335744000000000000	428
0.0363142030710828000000000000	429
0.0368090122902485000000000000	430
0.0372289192576170000000000000	431
0.0377625060479252000000000000	432
0.0384070989470570000000000000	433
0.0390061712311128000000000000	434
0.0396108508119924000000000000	435
0.0402756602856104000000000000	436
0.0409800165886383000000000000	437
0.0416495842203924000000000000	438
0.0422651421886138000000000000	439
0.0429145672568682000000000000	440
0.0436050203680905000000000000	441
0.0443164572893334000000000000	442
0.0450589744988199000000000000	443
0.0457988490600974000000000000	444
0.0465447319571933000000000000	445
0.0472668139499430000000000000	446
0.0479980266535409000000000000	447
0.0487824454227094000000000000	448
0.0495723339896178000000000000	449
0.0503775077544301000000000000	450
0.0512141810861550000000000000	451
0.0520496918724795000000000000	452
0.0528374122565550000000000000	453
0.0536230412748878000000000000	454
0.0544349996724296000000000000	455
0.0552591210097663000000000000	456
0.0561018537133218000000000000	457
0.0569408021521247000000000000	458
0.0577691804073148000000000000	459
0.0585933756971775000000000000	460
0.0594311208436150000000000000	461
0.0602891278129617000000000000	462
0.0611545070014717000000000000	463
0.0620100628391904000000000000	464
0.0628489806446940000000000000	465
0.0636932301642488000000000000	466
0.0645289819247330000000000000	467
0.0653650887742629000000000000	468
0.0662223856239787000000000000	469
0.0670666164361750000000000000	470
0.0679030160558631000000000000	471
0.0687701239212057000000000000	472
0.0696436698070039000000000000	473
0.0705064929857581000000000000	474
0.0713901776751776000000000000	475
0.0722745815456048000000000000	476
0.0731480224948147000000000000	477
0.0740400295618202000000000000	478
0.0749392515892579000000000000	479
0.0758389962535194000000000000	480
0.0767479410212367000000000000	481
0.0776603274752066000000000000	482
0.0785706804977841000000000000	483
0.0794687278200383000000000000	484
0.0803585848854249000000000000	485
0.0811645347717667000000000000	486
0.0819312642136413000000000000	487
0.0827764223846674000000000000	488
0.0836311928640984000000000000	489
0.0845109970627909000000000000	490
0.0854233844521287000000000000	491
0.0862986954941083000000000000	492
0.0871847067943018000000000000	493
0.0880914015344933000000000000	494
0.0890167975531446000000000000	495
0.0899483872273829000000000000	496
0.0908661856616633000000000000	497
0.0917809550238637000000000000	498
0.0926848405034358000000000000	499
0.0935888439562865000000000000	500
0.0944791667764355000000000000	501
0.0953570627661157000000000000	502
0.0962565587978927000000000000	503
0.0971466377793177000000000000	504
0.0980380155190962000000000000	505
0.0989807061397802000000000000	506
0.0999230018598215000000000000	507
0.1008345611562500000000000000	508
0.1017578486217730000000000000	509
0.1026923306874540000000000000	510
0.1036249666876290000000000000	511
0.1045805146418660000000000000	512
0.1055210218215280000000000000	513
0.1064243281329780000000000000	514
0.1073326639177200000000000000	515
0.1082599344721390000000000000	516
0.1091067860683190000000000000	517
0.1099235874501750000000000000	518
0.1107832161136490000000000000	519
0.1116698515380850000000000000	520
0.1126004248766210000000000000	521
0.1135466340591080000000000000	522
0.1144776073258890000000000000	523
0.1154170012423470000000000000	524
0.1163885705290390000000000000	525
0.1173446563198280000000000000	526
0.1182297555193810000000000000	527
0.1191171422780980000000000000	528
0.1200881743128420000000000000	529
0.1210637594847660000000000000	530
0.1220480840914470000000000000	531
0.1230513824024940000000000000	532
0.1239940797461350000000000000	533
0.1249169199304120000000000000	534
0.1258804946275120000000000000	535
0.1268739657878360000000000000	536
0.1278521125817240000000000000	537
0.1288176541237130000000000000	538
0.1297963863994560000000000000	539
0.1307481365845660000000000000	540
0.1316668602730990000000000000	541
0.1326090536288140000000000000	542
0.1335848159944980000000000000	543
0.1345713284267380000000000000	544
0.1355653277191720000000000000	545
0.1365451817933520000000000000	546
0.1375285993269950000000000000	547
0.1385060519025060000000000000	548
0.1394862784284980000000000000	549
0.1404795181437230000000000000	550
0.1414701272536000000000000000	551
0.1424721533473580000000000000	552
0.1434717105374970000000000000	553
0.1444683097435180000000000000	554
0.1454791510952940000000000000	555
0.1464858622131090000000000000	556
0.1474733659015000000000000000	557
0.1484608394242750000000000000	558
0.1494335622534510000000000000	559
0.1503894145530240000000000000	560
0.1513834297467130000000000000	561
0.1523826838191860000000000000	562
0.1533776064951360000000000000	563
0.1543828047722660000000000000	564
0.1553829673208290000000000000	565
0.1563606751933220000000000000	566
0.1573441048867480000000000000	567
0.1583559788847050000000000000	568
0.1593525796691590000000000000	569
0.1603388259307660000000000000	570
0.1613109141128100000000000000	571
0.1622953683264080000000000000	572
0.1633105407824050000000000000	573
0.1643269793758000000000000000	574
0.1653310431101060000000000000	575
0.1663212165139150000000000000	576
0.1673214156587480000000000000	577
0.1683201518881580000000000000	578
0.1693120809190880000000000000	579
0.1703213095796530000000000000	580
0.1713431001728910000000000000	581
0.1723768541217940000000000000	582
0.1734256644542230000000000000	583
0.1744806360551260000000000000	584
0.1755321165706580000000000000	585
0.1765684456458990000000000000	586
0.1776050908170350000000000000	587
0.1786428311870820000000000000	588
0.1796001661032640000000000000	589
0.1805169947948560000000000000	590
0.1814964157352300000000000000	591
0.1824997621008030000000000000	592
0.1835013213875090000000000000	593
0.1845093163562520000000000000	594
0.1855102134609330000000000000	595
0.1865216548512280000000000000	596
0.1875515215864470000000000000	597
0.1885782879277830000000000000	598
0.1896004100504860000000000000	599
0.1906293611774350000000000000	600
0.1916590714139090000000000000	601
0.1926766756511110000000000000	602
0.1936989808720840000000000000	603
0.1947427740663860000000000000	604
0.1957964519365380000000000000	605
0.1968483671058490000000000000	606
0.1979025915816280000000000000	607
0.1989599708195500000000000000	608
0.2000133258708500000000000000	609
0.2010621422831710000000000000	610
0.2021077538911650000000000000	611
0.2031602703851260000000000000	612
0.2042148535745020000000000000	613
0.2052476597618620000000000000	614
0.2062849078945420000000000000	615
0.2073286390622590000000000000	616
0.2083535647164530000000000000	617
0.2093929530293890000000000000	618
0.2104558863650850000000000000	619
0.2115232526431850000000000000	620
0.2125948464919690000000000000	621
0.2136510732981570000000000000	622
0.2146858306629930000000000000	623
0.2157167479917650000000000000	624
0.2167442427508660000000000000	625
0.2177695089959040000000000000	626
0.2188107471742780000000000000	627
0.2198396359238790000000000000	628
0.2208590685130570000000000000	629
0.2218908860749890000000000000	630
0.2229260876226650000000000000	631
0.2239523503268370000000000000	632
0.2249931096552980000000000000	633
0.2260594068663290000000000000	634
0.2271255442463660000000000000	635
0.2281875515093630000000000000	636
0.2292569095949830000000000000	637
0.2303495149640620000000000000	638
0.2314451733740250000000000000	639
0.2325288201399530000000000000	640
0.2336030123238910000000000000	641
0.2346802322937790000000000000	642
0.2357657832934050000000000000	643
0.2368562529252270000000000000	644
0.2379500045292290000000000000	645
0.2390336642149260000000000000	646
0.2401008337734600000000000000	647
0.2411621570486680000000000000	648
0.2422036148046610000000000000	649
0.2432331000851510000000000000	650
0.2442994836423320000000000000	651
0.2453780148226590000000000000	652
0.2464530434008970000000000000	653
0.2475404755423270000000000000	654
0.2485984881412510000000000000	655
0.2495698736281460000000000000	656
0.2505003575805850000000000000	657
0.2515093150429150000000000000	658
0.2525779720118190000000000000	659
0.2536535349189800000000000000	660
0.2547318055993420000000000000	661
0.2558050169915580000000000000	662
0.2568764078655040000000000000	663
0.2579551595003570000000000000	664
0.2590499139941480000000000000	665
0.2601554901101400000000000000	666
0.2612583609082730000000000000	667
0.2623608225998630000000000000	668
0.2634763532519970000000000000	669
0.2645953400885860000000000000	670
0.2657071838126920000000000000	671
0.2668118874057980000000000000	672
0.2679152968589300000000000000	673
0.2690243589742310000000000000	674
0.2701297023005320000000000000	675
0.2712385090603910000000000000	676
0.2723502538693390000000000000	677
0.2734615092470240000000000000	678
0.2745726539005320000000000000	679
0.2756815871104410000000000000	680
0.2767908770462900000000000000	681
0.2779022786921330000000000000	682
0.2790119133695200000000000000	683
0.2801135058704720000000000000	684
0.2812134316627160000000000000	685
0.2823028925586990000000000000	686
0.2832306767937940000000000000	687
0.2840702593418920000000000000	688
0.2849752435864650000000000000	689
0.2859063457586370000000000000	690
0.2868813845587770000000000000	691
0.2878929201289290000000000000	692
0.2889170793075750000000000000	693
0.2899335934903900000000000000	694
0.2909558480845750000000000000	695
0.2919885114529460000000000000	696
0.2930507360136030000000000000	697
0.2941351727561980000000000000	698
0.2952013576061570000000000000	699
0.2962539845319930000000000000	700
0.2972975078141900000000000000	701
0.2983364155233980000000000000	702
0.2993804199354670000000000000	703
0.3004425333042630000000000000	704
0.3015253843059350000000000000	705
0.3026124884255280000000000000	706
0.3036960124244170000000000000	707
0.3047770997898810000000000000	708
0.3058599248935540000000000000	709
0.3069495469651210000000000000	710
0.3080431940417580000000000000	711
0.3091340526697120000000000000	712
0.3102165706804050000000000000	713
0.3112988638520360000000000000	714
0.3123688318559980000000000000	715
0.3134272217589560000000000000	716
0.3144235384254050000000000000	717
0.3153197632417320000000000000	718
0.3161399752205500000000000000	719
0.3169428286415530000000000000	720
0.3178154322610950000000000000	721
0.3187969041710090000000000000	722
0.3198042875845150000000000000	723
0.3207347349991440000000000000	724
0.3216214240318550000000000000	725
0.3225202972839800000000000000	726
0.3234403595424630000000000000	727
0.3243441091013850000000000000	728
0.3252327620559590000000000000	729
0.3261603993915220000000000000	730
0.3270993885275140000000000000	731
0.3280503525943500000000000000	732
0.3290565181588270000000000000	733
0.3300993472226470000000000000	734
0.3311528560835090000000000000	735
0.3321949877136260000000000000	736
0.3332325543390820000000000000	737
0.3342805911222440000000000000	738
0.3353242464082380000000000000	739
0.3363661349011570000000000000	740
0.3374199419105420000000000000	741
0.3384733529085350000000000000	742
0.3395393473526630000000000000	743
0.3406219858504360000000000000	744
0.3417100816354040000000000000	745
0.3427982001030430000000000000	746
0.3438869063324980000000000000	747
0.3449740533036340000000000000	748
0.3460574046686810000000000000	749
0.3471395752486540000000000000	750
0.3482200734492510000000000000	751
0.3493015309865680000000000000	752
0.3503835446001120000000000000	753
0.3514709669786390000000000000	754
0.3525649876178380000000000000	755
0.3536521515425180000000000000	756
0.3547335940554880000000000000	757
0.3558192584684740000000000000	758
0.3568941052345740000000000000	759
0.3575423244966610000000000000	760
0.3577290204019920000000000000	761
0.3581038459913670000000000000	762
0.3585794634368290000000000000	763
0.3589893894088360000000000000	764
0.3595368284309360000000000000	765
0.3602084161124760000000000000	766
0.3610100145211140000000000000	767
0.3619468946889080000000000000	768
0.3629539799538900000000000000	769
0.3639835243379410000000000000	770
0.3650327771578560000000000000	771
0.3660910595519640000000000000	772
0.3671545494315710000000000000	773
0.3682190996676330000000000000	774
0.3692850261806660000000000000	775
0.3703535538349560000000000000	776
0.3714214591188180000000000000	777
0.3724868778439920000000000000	778
0.3735553982491810000000000000	779
0.3746217770126010000000000000	780
0.3756823174433220000000000000	781
0.3767454069854610000000000000	782
0.3778101740514990000000000000	783
0.3788705296885960000000000000	784
0.3799309582843900000000000000	785
0.3809953088778630000000000000	786
0.3820547569742380000000000000	787
0.3831023392270520000000000000	788
0.3841423580364250000000000000	789
0.3851654560401690000000000000	790
0.3861806680154610000000000000	791
0.3871991465293630000000000000	792
0.3882104342270170000000000000	793
0.3892238844952960000000000000	794
0.3902412554166630000000000000	795
0.3912492062477310000000000000	796
0.3922575499917860000000000000	797
0.3932848306100940000000000000	798
0.3943130135076800000000000000	799
0.3953239763988250000000000000	800
0.3963333110482670000000000000	801
0.3973500416518340000000000000	802
0.3983593084871020000000000000	803
0.3993663664510330000000000000	804
0.4003693996437350000000000000	805
0.4013827403570470000000000000	806
0.4024121277746690000000000000	807
0.4034355711630170000000000000	808
0.4044455755943480000000000000	809
0.4054444387414930000000000000	810
0.4064438239993170000000000000	811
0.4074306300786230000000000000	812
0.4083974224998200000000000000	813
0.4093067694406660000000000000	814
0.4101632801662610000000000000	815
0.4109867868558010000000000000	816
0.4117906114517750000000000000	817
0.4125908325779230000000000000	818
0.4134175979840590000000000000	819
0.4142641598558730000000000000	820
0.4151561524480600000000000000	821
0.4160922528639280000000000000	822
0.4168731862008560000000000000	823
0.4176472790168210000000000000	824
0.4185652275718060000000000000	825
0.4194836658035880000000000000	826
0.4204106344738570000000000000	827
0.4212980248395860000000000000	828
0.4221597417820880000000000000	829
0.4230545837154100000000000000	830
0.4239478985553770000000000000	831
0.4248317053921550000000000000	832
0.4257324581608810000000000000	833
0.4266536906698580000000000000	834
0.4275988379057640000000000000	835
0.4285637565745650000000000000	836
0.4295327840807850000000000000	837
0.4305160140614690000000000000	838
0.4314965491887210000000000000	839
0.4324864482958880000000000000	840
0.4334818446772280000000000000	841
0.4344692385534250000000000000	842
0.4354554479030760000000000000	843
0.4364375336715700000000000000	844
0.4374263275480060000000000000	845
0.4384322939375770000000000000	846
0.4394271688513020000000000000	847
0.4404100827243980000000000000	848
0.4413913071710370000000000000	849
0.4423247704690590000000000000	850
0.4432538991493840000000000000	851
0.4442217029780650000000000000	852
0.4451856251175780000000000000	853
0.4460916938394060000000000000	854
0.4469729691262990000000000000	855
0.4479163160361900000000000000	856
0.4489001396013540000000000000	857
0.4498945259022640000000000000	858
0.4508900967706430000000000000	859
0.4518849169594990000000000000	860
0.4528784202087880000000000000	861
0.4538762686980460000000000000	862
0.4548821878398450000000000000	863
0.4558815265864990000000000000	864
0.4568631933686270000000000000	865
0.4577801091663560000000000000	866
0.4586739337818380000000000000	867
0.4596246706244230000000000000	868
0.4605938013718770000000000000	869
0.4615683004881130000000000000	870
0.4625461044521210000000000000	871
0.4635246879400590000000000000	872
0.4645060913050430000000000000	873
0.4654751157537800000000000000	874
0.4664297395820520000000000000	875
0.4673917875657910000000000000	876
0.4683699310683530000000000000	877
0.4693489832457710000000000000	878
0.4703190866940150000000000000	879
0.4712837186725490000000000000	880
0.4722350504032830000000000000	881
0.4731838094630200000000000000	882
0.4741442956980240000000000000	883
0.4751061822372600000000000000	884
0.4760768952238540000000000000	885
0.4770354756233410000000000000	886
0.4779777317422430000000000000	887
0.4789287112894180000000000000	888
0.4798931922937240000000000000	889
0.4808596101293000000000000000	890
0.4818225837589770000000000000	891
0.4827787530664290000000000000	892
0.4837085605900200000000000000	893
0.4846093738595130000000000000	894
0.4854799718456280000000000000	895
0.4863050669185050000000000000	896
0.4870535506060960000000000000	897
0.4877794437086570000000000000	898
0.4884446508831760000000000000	899
0.4891237456990080000000000000	900
0.4898301450969480000000000000	901
0.4904980276926290000000000000	902
0.4912138895998020000000000000	903
0.4920238942183760000000000000	904
0.4929025307446820000000000000	905
0.4937456140533630000000000000	906
0.4944949789510690000000000000	907
0.4951797420087910000000000000	908
0.4959002022197230000000000000	909
0.4966067952154380000000000000	910
0.4972949165012100000000000000	911
0.4980180290004860000000000000	912
0.4987207116263150000000000000	913
0.4993908362579720000000000000	914
0.5000884519256390000000000000	915
0.5007600091200300000000000000	916
0.5014601339062900000000000000	917
0.5021696535396060000000000000	918
0.5028846472616610000000000000	919
0.5036817785752750000000000000	920
0.5045022365967770000000000000	921
0.5052999131012740000000000000	922
0.5060793736838770000000000000	923
0.5068711263338160000000000000	924
0.5076453967118420000000000000	925
0.5084106636241330000000000000	926
0.5092181219666230000000000000	927
0.5099647568293720000000000000	928
0.5105840597593560000000000000	929
0.5111183786445950000000000000	930
0.5115760234807430000000000000	931
0.5119626671806840000000000000	932
0.5122620831571640000000000000	933
0.5124760928404390000000000000	934
0.5126917212188170000000000000	935
0.5129171592214620000000000000	936
0.5130949821214990000000000000	937
0.5132944675111320000000000000	938
0.5136234147598170000000000000	939
0.5141016451847870000000000000	940
0.5145655329236430000000000000	941
0.5149933564066120000000000000	942
0.5153700092255210000000000000	943
0.5156811712775470000000000000	944
0.5160423075996040000000000000	945
0.5163533522220330000000000000	946
0.5166664383960180000000000000	947
0.5170238779511450000000000000	948
0.5174499018388560000000000000	949
0.5178057304332030000000000000	950
0.5181564769047370000000000000	951
0.5185750991208860000000000000	952
0.5189161998446120000000000000	953
0.5193441720569260000000000000	954
0.5197711782037160000000000000	955
0.5201450834085980000000000000	956
0.5204799450938540000000000000	957
0.5208895653700880000000000000	958
0.5213573485538650000000000000	959
0.5218030254978140000000000000	960
0.5222982132486840000000000000	961
0.5228057480197550000000000000	962
0.5233384972056310000000000000	963
0.5238812644858990000000000000	964
0.5244238945067710000000000000	965
0.5249919934852880000000000000	966
0.5255599239221990000000000000	967
0.5262129589844710000000000000	968
0.5269707122148930000000000000	969
0.5277193098887570000000000000	970
0.5284844622243240000000000000	971
0.5292804957901490000000000000	972
0.5300162216088730000000000000	973
0.5306887730642840000000000000	974
0.5313525660911240000000000000	975
0.5320151032111540000000000000	976
0.5327061854391450000000000000	977
0.5334226242403270000000000000	978
0.5341395293048780000000000000	979
0.5348511895159810000000000000	980
0.5356067400718780000000000000	981
0.5364132298058140000000000000	982
0.5371948487908090000000000000	983
0.5380032439218070000000000000	984
0.5388236611612680000000000000	985
0.5396527279232440000000000000	986
0.5405120900302450000000000000	987
0.5413629672862540000000000000	988
0.5422203634603500000000000000	989
0.5430772584760080000000000000	990
0.5439376479326700000000000000	991
0.5448097672187050000000000000	992
0.5456733052406980000000000000	993
0.5465395111424490000000000000	994
0.5474150018335300000000000000	995
0.5482883115038520000000000000	996
0.5491554767832470000000000000	997
0.5500177007594670000000000000	998
0.5508801238287490000000000000	999
0.5517413354445790000000000000	1000
0.5526068339626510000000000000	1001
0.5534689336460130000000000000	1002
0.5543260401249740000000000000	1003
0.5551812450828030000000000000	1004
0.5560063577581350000000000000	1005
0.5568259410527900000000000000	1006
0.5576732778886160000000000000	1007
0.5585298922179010000000000000	1008
0.5593827503259320000000000000	1009
0.5602319058969830000000000000	1010
0.5610837115407250000000000000	1011
0.5619361391105960000000000000	1012
0.5627863500631150000000000000	1013
0.5636385336364180000000000000	1014
0.5644859547956620000000000000	1015
0.5653286413095800000000000000	1016
0.5661693020153550000000000000	1017
0.5670125380930010000000000000	1018
0.5678479051132770000000000000	1019
0.5686750077137010000000000000	1020
0.5695106571975490000000000000	1021
0.5703415913748040000000000000	1022
0.5711693570458530000000000000	1023
0.5719984559201790000000000000	1024
0.5728298355780970000000000000	1025
0.5736654895400190000000000000	1026
0.5744992693169370000000000000	1027
0.5753323548404030000000000000	1028
0.5761621781337970000000000000	1029
0.5769908256112580000000000000	1030
0.5778209264400050000000000000	1031
0.5786502177896640000000000000	1032
0.5794735310451180000000000000	1033
0.5802929819676760000000000000	1034
0.5811169808887360000000000000	1035
0.5819429076147670000000000000	1036
0.5827651641850850000000000000	1037
0.5835819679345910000000000000	1038
0.5844004051580140000000000000	1039
0.5852196156033250000000000000	1040
0.5860368174161870000000000000	1041
0.5868549873348430000000000000	1042
0.5876699732552620000000000000	1043
0.5884835049825630000000000000	1044
0.5892973685608630000000000000	1045
0.5900990559405290000000000000	1046
0.5908968807066860000000000000	1047
0.5917050197047180000000000000	1048
0.5925151655696930000000000000	1049
0.5933211081133970000000000000	1050
0.5941255170454010000000000000	1051
0.5949285696120800000000000000	1052
0.5957286824109310000000000000	1053
0.5965266482364170000000000000	1054
0.5973249290353560000000000000	1055
0.5981239348145850000000000000	1056
0.5989214433562340000000000000	1057
0.5997146173328000000000000000	1058
0.6004924053898760000000000000	1059
0.6012694957560220000000000000	1060
0.6020488354247840000000000000	1061
0.6028269380227060000000000000	1062
0.6036065002388800000000000000	1063
0.6043863667536210000000000000	1064
0.6051711573256900000000000000	1065
0.6059474449006290000000000000	1066
0.6067189726162320000000000000	1067
0.6074926641535140000000000000	1068
0.6082457954270610000000000000	1069
0.6089904244283870000000000000	1070
0.6097547413868670000000000000	1071
0.6105264522065850000000000000	1072
0.6112907418640140000000000000	1073
0.6120596563311900000000000000	1074
0.6128222944854850000000000000	1075
0.6135813379273360000000000000	1076
0.6143485162522740000000000000	1077
0.6151091659546820000000000000	1078
0.6158707745728950000000000000	1079
0.6166293065438760000000000000	1080
0.6173734354682840000000000000	1081
0.6181133161854510000000000000	1082
0.6188648354459290000000000000	1083
0.6196101490547260000000000000	1084
0.6203530920203050000000000000	1085
0.6210812076038060000000000000	1086
0.6217932850708450000000000000	1087
0.6225308608777750000000000000	1088
0.6232768792687600000000000000	1089
0.6239997337058740000000000000	1090
0.6247291076222970000000000000	1091
0.6254754165970180000000000000	1092
0.6261727205299420000000000000	1093
0.6268441048449570000000000000	1094
0.6275225451721660000000000000	1095
0.6281782811852980000000000000	1096
0.6288717258486550000000000000	1097
0.6295655534867130000000000000	1098
0.6302145698927240000000000000	1099
0.6308531521643860000000000000	1100
0.6314854023927780000000000000	1101
0.6321073072532350000000000000	1102
0.6327100681431360000000000000	1103
0.6333126156171540000000000000	1104
0.6339415931335070000000000000	1105
0.6345260318904870000000000000	1106
0.6350959192924630000000000000	1107
0.6356777564171180000000000000	1108
0.6362146068697790000000000000	1109
0.6367930453584900000000000000	1110
0.6373192014106790000000000000	1111
0.6378033892231460000000000000	1112
0.6382469467344680000000000000	1113
0.6386169276558670000000000000	1114
0.6389750788330600000000000000	1115
0.6392693238384660000000000000	1116
0.6394526858037440000000000000	1117
0.6396468517244620000000000000	1118
0.6398630595457270000000000000	1119
0.6400299958447220000000000000	1120
0.6402447012838840000000000000	1121
0.6404200832080490000000000000	1122
0.6405578083013730000000000000	1123
0.6407133796930960000000000000	1124
0.6408796961763870000000000000	1125
0.6410085455705560000000000000	1126
0.6411461089399360000000000000	1127
0.6413151447844660000000000000	1128
0.6414504791124680000000000000	1129
0.6415670031612490000000000000	1130
0.6418090718300870000000000000	1131
0.6421594466916390000000000000	1132
0.6424159203362480000000000000	1133
0.6425451375498200000000000000	1134
0.6425830681979280000000000000	1135
0.6426788386073490000000000000	1136
0.6429556822618590000000000000	1137
0.6432822598143850000000000000	1138
0.6436162653866160000000000000	1139
0.6439856305436220000000000000	1140
0.6442852193994780000000000000	1141
0.6445642778532200000000000000	1142
0.6449227177784890000000000000	1143
0.6452068305980020000000000000	1144
0.6453803327179400000000000000	1145
0.6455836999662770000000000000	1146
0.6457289920165180000000000000	1147
0.6459506345253190000000000000	1148
0.6462793927887620000000000000	1149
0.6465079665772740000000000000	1150
0.6467266084772410000000000000	1151
0.6470302357080820000000000000	1152
0.6473575037550510000000000000	1153
0.6476141302913920000000000000	1154
0.6479217036524040000000000000	1155
0.6483229882980570000000000000	1156
0.6487255995643360000000000000	1157
0.6491493967853340000000000000	1158
0.6495887052183550000000000000	1159
0.6500112685896870000000000000	1160
0.6504414204021690000000000000	1161
0.6509150705876730000000000000	1162
0.6514714216666780000000000000	1163
0.6520634716936310000000000000	1164
0.6526016048280110000000000000	1165
0.6531218442104380000000000000	1166
0.6536571104655340000000000000	1167
0.6542232688128490000000000000	1168
0.6547988864073010000000000000	1169
0.6554018000135520000000000000	1170
0.6560224663825810000000000000	1171
0.6566409969909660000000000000	1172
0.6572656131322540000000000000	1173
0.6578098363419160000000000000	1174
0.6583518318208840000000000000	1175
0.6589903812143640000000000000	1176
0.6596431867548870000000000000	1177
0.6602161206209400000000000000	1178
0.6607974366345890000000000000	1179
0.6614348362562870000000000000	1180
0.6620530761815540000000000000	1181
0.6625906315976310000000000000	1182
0.6631173494668680000000000000	1183
0.6637113574936370000000000000	1184
0.6642842020905150000000000000	1185
0.6648972660463350000000000000	1186
0.6655443507363690000000000000	1187
0.6660932964023430000000000000	1188
0.6666149294186600000000000000	1189
0.6672255490008860000000000000	1190
0.6678581761474720000000000000	1191
0.6684989883596330000000000000	1192
0.6691457208778000000000000000	1193
0.6697898936915080000000000000	1194
0.6704294420345400000000000000	1195
0.6710432561612760000000000000	1196
0.6716787189984710000000000000	1197
0.6723165140586470000000000000	1198
0.6728761793332590000000000000	1199
0.6734464048181230000000000000	1200
0.6740677422960930000000000000	1201
0.6746818180101600000000000000	1202
0.6752943019560270000000000000	1203
0.6758547183778440000000000000	1204
0.6764176359325510000000000000	1205
0.6770644462148680000000000000	1206
0.6777067856840740000000000000	1207
0.6783162133678840000000000000	1208
0.6789151319008390000000000000	1209
0.6795286339420690000000000000	1210
0.6801483123345810000000000000	1211
0.6807483486321960000000000000	1212
0.6813823778134460000000000000	1213
0.6820234189218290000000000000	1214
0.6826353471246940000000000000	1215
0.6832707655845270000000000000	1216
0.6839262352691830000000000000	1217
0.6845772232086150000000000000	1218
0.6852225791867400000000000000	1219
0.6858675521784710000000000000	1220
0.6865263812077720000000000000	1221
0.6871809879746020000000000000	1222
0.6878209456346340000000000000	1223
0.6884590625724490000000000000	1224
0.6891108040910440000000000000	1225
0.6897774828623680000000000000	1226
0.6904236706924130000000000000	1227
0.6910692501240870000000000000	1228
0.6917398863143040000000000000	1229
0.6924063581647080000000000000	1230
0.6930768449883600000000000000	1231
0.6937524071534100000000000000	1232
0.6944155032493070000000000000	1233
0.6950819075544550000000000000	1234
0.6957568350431420000000000000	1235
0.6964315318701010000000000000	1236
0.6971055792185000000000000000	1237
0.6977793716674500000000000000	1238
0.6984532206184680000000000000	1239
0.6991223973716610000000000000	1240
0.6997915710206030000000000000	1241
0.7004625177412760000000000000	1242
0.7011307854805430000000000000	1243
0.7017943650271940000000000000	1244
0.7024577589793120000000000000	1245
0.7031247227513960000000000000	1246
0.7037928837184150000000000000	1247
0.7044609617299920000000000000	1248
0.7051311809858060000000000000	1249
0.7058008037691910000000000000	1250
0.7064657860988000000000000000	1251
0.7071268527093880000000000000	1252
0.7077848958074890000000000000	1253
0.7084380852697730000000000000	1254
0.7090939772496600000000000000	1255
0.7097478914291610000000000000	1256
0.7103910306028600000000000000	1257
0.7110381630960400000000000000	1258
0.7116798649073980000000000000	1259
0.7123118776634130000000000000	1260
0.7129327497841530000000000000	1261
0.7135279867089840000000000000	1262
0.7141153834442360000000000000	1263
0.7146853678263270000000000000	1264
0.7152524996461100000000000000	1265
0.7158302719190210000000000000	1266
0.7164029664536540000000000000	1267
0.7169651701706430000000000000	1268
0.7174227057148960000000000000	1269
0.7178932441125660000000000000	1270
0.7184842414530800000000000000	1271
0.7190915680257830000000000000	1272
0.7196978835242280000000000000	1273
0.7203027032992210000000000000	1274
0.7209125299232940000000000000	1275
0.7215308802745900000000000000	1276
0.7221554461573900000000000000	1277
0.7227884937577010000000000000	1278
0.7234254345171280000000000000	1279
0.7240586923004560000000000000	1280
0.7246840515506320000000000000	1281
0.7252731880351350000000000000	1282
0.7258582925226920000000000000	1283
0.7264796608853420000000000000	1284
0.7271140207834570000000000000	1285
0.7277536541222020000000000000	1286
0.7283923837552340000000000000	1287
0.7290261537635710000000000000	1288
0.7296507944231900000000000000	1289
0.7302706168740530000000000000	1290
0.7308973331150810000000000000	1291
0.7315119410534930000000000000	1292
0.7321230388776430000000000000	1293
0.7327406744441600000000000000	1294
0.7333531674104810000000000000	1295
0.7339550410162210000000000000	1296
0.7345317297238600000000000000	1297
0.7351105888475230000000000000	1298
0.7357181470348610000000000000	1299
0.7362967442788900000000000000	1300
0.7368406503637520000000000000	1301
0.7374144184318360000000000000	1302
0.7379763689154990000000000000	1303
0.7384692611039640000000000000	1304
0.7389912511092930000000000000	1305
0.7395776573893040000000000000	1306
0.7401050059888200000000000000	1307
0.7406040757854660000000000000	1308
0.7411633380217340000000000000	1309
0.7416879154827190000000000000	1310
0.7421742610018990000000000000	1311
0.7426856790814930000000000000	1312
0.7431820280916320000000000000	1313
0.7436441684638360000000000000	1314
0.7440853731916200000000000000	1315
0.7445545035741180000000000000	1316
0.7450442633440390000000000000	1317
0.7455414060898560000000000000	1318
0.7460052787108280000000000000	1319
0.7464120046547300000000000000	1320
0.7468422974330030000000000000	1321
0.7473064729436450000000000000	1322
0.7477200516618290000000000000	1323
0.7481032706875210000000000000	1324
0.7485560500028340000000000000	1325
0.7490231050786870000000000000	1326
0.7494471015155130000000000000	1327
0.7498357058167620000000000000	1328
0.7501557379218270000000000000	1329
0.7504719466520680000000000000	1330
0.7507628488220730000000000000	1331
0.7509890448001100000000000000	1332
0.7512607952535420000000000000	1333
0.7515510117520940000000000000	1334
0.7518634196381870000000000000	1335
0.7521871395014190000000000000	1336
0.7524590505224460000000000000	1337
0.7527269208943750000000000000	1338
0.7530045884326390000000000000	1339
0.7532748419407930000000000000	1340
0.7535402691843350000000000000	1341
0.7538134797178560000000000000	1342
0.7540529092870370000000000000	1343
0.7542121414164870000000000000	1344
0.7543573138378490000000000000	1345
0.7544888365965400000000000000	1346
0.7545819633750310000000000000	1347
0.7546330442191000000000000000	1348
0.7546495270888600000000000000	1349
0.7546749177918720000000000000	1350
0.7546912216111680000000000000	1351
0.7546960767743230000000000000	1352
0.7546973513245880000000000000	1353
0.7547057481563770000000000000	1398
0.7547074507428410000000000000	1399
0.7547096193237490000000000000	1402
0.7547130756430140000000000000	1403
0.7547156342154910000000000000	1404
0.7547179220415590000000000000	1406
0.7547197463649000000000000000	1407
0.7547212475335910000000000000	1408
0.7547231151436080000000000000	1409
0.7547261382465850000000000000	1411
0.7547300610927590000000000000	1412
0.7547515306534870000000000000	1413
0.7547711220361940000000000000	1414
0.7548011673297350000000000000	1416
0.7548403490400330000000000000	1417
0.7548613300234880000000000000	1418
0.7548743487558270000000000000	1419
0.7548829942304210000000000000	1420
0.7548974734765680000000000000	1421
0.7549435871883880000000000000	1422
0.7549897582836860000000000000	1423
0.7550115594739640000000000000	1424
0.7550472254326540000000000000	1425
0.7550919287945650000000000000	1426
0.7551564303245250000000000000	1427
0.7552015689051770000000000000	1428
0.7552371365896710000000000000	1429
0.7553203960322790000000000000	1430
0.7554138525378990000000000000	1431
0.7554579206533410000000000000	1432
0.7554900493152760000000000000	1433
0.7555376417878270000000000000	1434
0.7555731807808450000000000000	1435
0.7556233422215060000000000000	1436
0.7556806391163250000000000000	1437
0.7557168903253670000000000000	1438
0.7557709764055360000000000000	1439
0.7558472501411270000000000000	1440
0.7559073763157780000000000000	1441
0.7559647803792070000000000000	1442
0.7560334100905790000000000000	1443
0.7561235866391520000000000000	1444
0.7562177760832880000000000000	1445
0.7562793265455900000000000000	1446
0.7563294847586460000000000000	1447
0.7564580523796610000000000000	1448
0.7566424984503860000000000000	1449
0.7567522485413240000000000000	1450
0.7567850458265780000000000000	1451
0.7568475414945290000000000000	1452
0.7569701110576650000000000000	1453
0.7571566993571020000000000000	1454
0.7573299202060610000000000000	1455
0.7574615249251970000000000000	1456
0.7576365194620630000000000000	1457
0.7578524631412740000000000000	1458
0.7581078385002590000000000000	1459
0.7583198360083770000000000000	1460
0.7584698502541960000000000000	1461
0.7586585785246000000000000000	1462
0.7588071707066050000000000000	1463
0.7589740940887540000000000000	1464
0.7591840256409840000000000000	1465
0.7593198790017210000000000000	1466
0.7594066753101130000000000000	1467
0.7595036274072380000000000000	1468
0.7596511104685510000000000000	1469
0.7597752536473180000000000000	1470
0.7598332938509610000000000000	1471
0.7598888905532400000000000000	1472
0.7599895879172910000000000000	1473
0.7601339148011310000000000000	1474
0.7603769975935270000000000000	1475
0.7605955495683910000000000000	1476
0.7607151108678750000000000000	1477
0.7608301748669670000000000000	1478
0.7609887888468360000000000000	1479
0.7611450172409840000000000000	1480
0.7612972993763490000000000000	1481
0.7614477922815010000000000000	1482
0.7616272900571760000000000000	1483
0.7618753756146030000000000000	1484
0.7621031815654380000000000000	1485
0.7623189253156030000000000000	1486
0.7624788309760140000000000000	1487
0.7626134626679130000000000000	1488
0.7628605446691010000000000000	1489
0.7631779443331600000000000000	1490
0.7635025825815360000000000000	1491
0.7638183801532710000000000000	1492
0.7641202606371410000000000000	1493
0.7644566230266840000000000000	1494
0.7647940367346900000000000000	1495
0.7651009474752240000000000000	1496
0.7654483024429930000000000000	1497
0.7658143850665970000000000000	1498
0.7661711741727220000000000000	1499
0.7665816150238450000000000000	1500
0.7670343684762350000000000000	1501
0.7674724437377320000000000000	1502
0.7678400181387060000000000000	1503
0.7681434432774630000000000000	1504
0.7684462839924990000000000000	1505
0.7688350997628950000000000000	1506
0.7692867873869280000000000000	1507
0.7697258082469290000000000000	1508
0.7701049282156420000000000000	1509
0.7705086080462290000000000000	1510
0.7709812654380710000000000000	1511
0.7714455413253830000000000000	1512
0.7718903580114580000000000000	1513
0.7723045278237050000000000000	1514
0.7727396527301780000000000000	1515
0.7732026219845080000000000000	1516
0.7736513221895630000000000000	1517
0.7740961340117240000000000000	1518
0.7745368682728310000000000000	1519
0.7749889070515180000000000000	1520
0.7754685117190320000000000000	1521
0.7759477850090780000000000000	1522
0.7764318227534550000000000000	1523
0.7769265127015190000000000000	1524
0.7774026297971380000000000000	1525
0.7778719855506890000000000000	1526
0.7783446433868310000000000000	1527
0.7788281813875140000000000000	1528
0.7793211790913260000000000000	1529
0.7797929829716360000000000000	1530
0.7802626798597120000000000000	1531
0.7807534265480160000000000000	1532
0.7812511294447560000000000000	1533
0.7817406652934440000000000000	1534
0.7822213002277980000000000000	1535
0.7827073858783850000000000000	1536
0.7831996240400640000000000000	1537
0.7836898276128330000000000000	1538
0.7841799819209420000000000000	1539
0.7846640532041050000000000000	1540
0.7851449211970670000000000000	1541
0.7856300292946440000000000000	1542
0.7861181941745760000000000000	1543
0.7866092283306710000000000000	1544
0.7871050695821830000000000000	1545
0.7876036782716760000000000000	1546
0.7880990295307030000000000000	1547
0.7885874080545140000000000000	1548
0.7890764047103660000000000000	1549
0.7895685675866190000000000000	1550
0.7900584750569810000000000000	1551
0.7905504401263040000000000000	1552
0.7910433934001400000000000000	1553
0.7915302324778930000000000000	1554
0.7920139979892840000000000000	1555
0.7924965812190110000000000000	1556
0.7929822353142260000000000000	1557
0.7934730972106270000000000000	1558
0.7939619605648590000000000000	1559
0.7944485842741490000000000000	1560
0.7949372918077780000000000000	1561
0.7954280267046000000000000000	1562
0.7959160162907380000000000000	1563
0.7963998202457500000000000000	1564
0.7968844940870790000000000000	1565
0.7973693010663400000000000000	1566
0.7978505730330130000000000000	1567
0.7983273577241000000000000000	1568
0.7987965983923210000000000000	1569
0.7992519409781830000000000000	1570
0.7996897179917730000000000000	1571
0.8001241016659400000000000000	1572
0.8005578406026930000000000000	1573
0.8009952621413990000000000000	1574
0.8014381780254060000000000000	1575
0.8018862869434780000000000000	1576
0.8023128081780020000000000000	1577
0.8027288984233510000000000000	1578
0.8031643492295440000000000000	1579
0.8036088314338980000000000000	1580
0.8040646630534920000000000000	1581
0.8045182928754680000000000000	1582
0.8049711492358680000000000000	1583
0.8054308539275520000000000000	1584
0.8059012166982030000000000000	1585
0.8063780364188180000000000000	1586
0.8068498611052180000000000000	1587
0.8073176957576150000000000000	1588
0.8077665972538460000000000000	1589
0.8082071663406710000000000000	1590
0.8086569732964300000000000000	1591
0.8091167979841260000000000000	1592
0.8095921412557130000000000000	1593
0.8100714975830460000000000000	1594
0.8105510627078820000000000000	1595
0.8110199923253480000000000000	1596
0.8114786646923840000000000000	1597
0.8119466753401010000000000000	1598
0.8124103942508940000000000000	1599
0.8128593416093830000000000000	1600
0.8132909853921540000000000000	1601
0.8137098241401300000000000000	1602
0.8141296173609140000000000000	1603
0.8145536953968990000000000000	1604
0.8149901017223430000000000000	1605
0.8154389617233150000000000000	1606
0.8158844629174770000000000000	1607
0.8163194358442020000000000000	1608
0.8167493289689930000000000000	1609
0.8171679139633460000000000000	1610
0.8175863220387030000000000000	1611
0.8180173862967420000000000000	1612
0.8184585131668400000000000000	1613
0.8189070997130010000000000000	1614
0.8193595985114760000000000000	1615
0.8198049316200240000000000000	1616
0.8202445060482960000000000000	1617
0.8206966654777520000000000000	1618
0.8211551093811740000000000000	1619
0.8216052860586410000000000000	1620
0.8220493952967300000000000000	1621
0.8224966708019870000000000000	1622
0.8229519625739880000000000000	1623
0.8234124214820540000000000000	1624
0.8238687559554410000000000000	1625
0.8243225414927910000000000000	1626
0.8247794205023030000000000000	1627
0.8252380549752460000000000000	1628
0.8256975328402110000000000000	1629
0.8261527664849410000000000000	1630
0.8266051262877430000000000000	1631
0.8270593845483470000000000000	1632
0.8275087755343020000000000000	1633
0.8279532962699670000000000000	1634
0.8283990448747900000000000000	1635
0.8288475236782590000000000000	1636
0.8292898925123400000000000000	1637
0.8297178663966240000000000000	1638
0.8301396476425330000000000000	1639
0.8305569307859720000000000000	1640
0.8309738382973470000000000000	1641
0.8313964784682320000000000000	1642
0.8318152932474050000000000000	1643
0.8322369899886690000000000000	1644
0.8326616985269370000000000000	1645
0.8330808371480220000000000000	1646
0.8335093394216430000000000000	1647
0.8339371903635060000000000000	1648
0.8343566217489030000000000000	1649
0.8347847079767200000000000000	1650
0.8352032822260340000000000000	1651
0.8356206422274850000000000000	1652
0.8360519875928140000000000000	1653
0.8364759557464530000000000000	1654
0.8368997393052330000000000000	1655
0.8373287900026020000000000000	1656
0.8377580231317910000000000000	1657
0.8381912560695780000000000000	1658
0.8386237498854810000000000000	1659
0.8390550024330820000000000000	1660
0.8394890771259960000000000000	1661
0.8399192932859440000000000000	1662
0.8403483225867720000000000000	1663
0.8407794563251090000000000000	1664
0.8412005615455480000000000000	1665
0.8415808828072780000000000000	1666
0.8419603796941850000000000000	1667
0.8423749462602730000000000000	1668
0.8427941303168540000000000000	1669
0.8432204871721590000000000000	1670
0.8436506416504390000000000000	1671
0.8440710754579410000000000000	1672
0.8444893199666800000000000000	1673
0.8449120002590010000000000000	1674
0.8453322993559850000000000000	1675
0.8457486375790620000000000000	1676
0.8461639412442990000000000000	1677
0.8465772359146310000000000000	1678
0.8469915051447960000000000000	1679
0.8474025126885720000000000000	1680
0.8477955300088870000000000000	1681
0.8481868997487680000000000000	1682
0.8485928518218690000000000000	1683
0.8489934403550260000000000000	1684
0.8493983613194570000000000000	1685
0.8498156273164330000000000000	1686
0.8502248878677030000000000000	1687
0.8506342659713370000000000000	1688
0.8510461940866790000000000000	1689
0.8514535267745190000000000000	1690
0.8518471134766690000000000000	1691
0.8522427700661770000000000000	1692
0.8526567744176860000000000000	1693
0.8530687332481720000000000000	1694
0.8534792942765350000000000000	1695
0.8538945068544750000000000000	1696
0.8542815813381100000000000000	1697
0.8546670838774990000000000000	1698
0.8550770730043790000000000000	1699
0.8554797117646280000000000000	1700
0.8562826256454750000000000000	1702
0.8574828572883290000000000000	1705
0.8594077389414740000000000000	1710
0.8612976461651230000000000000	1715
0.8631884203579100000000000000	1720
0.8650263996085570000000000000	1725
0.8668045606193630000000000000	1730
0.8685040452039020000000000000	1735
0.8701786609862340000000000000	1740
0.8718236710586150000000000000	1745
0.8734607065348930000000000000	1750
0.8750930333106140000000000000	1755
0.8767009814753790000000000000	1760
0.8782093423333220000000000000	1765
0.8796279067019700000000000000	1770
0.8809569633761670000000000000	1775
0.8820756955588400000000000000	1780
0.8830002514563350000000000000	1785
0.8838670722368030000000000000	1790
0.8845784759671000000000000000	1795
0.8849921761749610000000000000	1800
0.8852378022555240000000000000	1805
0.8853672395377830000000000000	1810
0.8854359218355400000000000000	1815
0.8854585853471140000000000000	1820
0.8854706373318120000000000000	1825
0.8854774634817330000000000000	1830
0.8854805396400970000000000000	1890
0.8854824905818310000000000000	1895
0.8854862336166490000000000000	1920
0.8854940305324540000000000000	1925
0.8855024145255010000000000000	1930
0.8855258559945560000000000000	1935
0.8855647927200120000000000000	1940
0.8856451636500300000000000000	1945
0.8858022650785930000000000000	1950
0.8859549581327760000000000000	1955
0.8861378112777840000000000000	1960
0.8864273721155790000000000000	1965
0.8868727092140560000000000000	1970
0.8875457244511880000000000000	1975
0.8883744935586310000000000000	1980
0.8892934744587260000000000000	1985
0.8902734182843800000000000000	1990
0.8912448677855180000000000000	1995
0.8919413838054300000000000000	2000
0.8922523614993620000000000000	2005
0.8925738079479480000000000000	2010
0.8929642924848620000000000000	2015
0.8933868371663740000000000000	2020
0.8940905023786620000000000000	2025
0.8950320902882620000000000000	2030
0.8961089419278020000000000000	2035
0.8972176415588030000000000000	2040
0.8982974056417360000000000000	2045
0.8992488404909370000000000000	2050
0.8999856829401890000000000000	2055
0.9007321340440640000000000000	2060
0.9015222552691270000000000000	2065
0.9022931188472010000000000000	2070
0.9031602152689010000000000000	2075
0.9041577360023180000000000000	2080
0.9052041982397420000000000000	2085
0.9062671756838820000000000000	2090
0.9073610854381370000000000000	2095
0.9084393871171760000000000000	2100
0.9095412691291140000000000000	2105
0.9106673848869020000000000000	2110
0.9117870738778800000000000000	2115
0.9128965808629310000000000000	2120
0.9139898785211900000000000000	2125
0.9150993465277060000000000000	2130
0.9162202170783600000000000000	2135
0.9173499232312850000000000000	2140
0.9184787627950640000000000000	2145
0.9195717440651260000000000000	2150
0.9206380753293940000000000000	2155
0.9217039194715890000000000000	2160
0.9227182626946970000000000000	2165
0.9237212766246670000000000000	2170
0.9247528287759520000000000000	2175
0.9257855797181450000000000000	2180
0.9267830127754350000000000000	2185
0.9277652971985360000000000000	2190
0.9287782607831960000000000000	2195
0.9297429520172870000000000000	2200
0.9306778418741510000000000000	2205
0.9316672220275050000000000000	2210
0.9326734173045280000000000000	2215
0.9336716457314650000000000000	2220
0.9346667705784220000000000000	2225
0.9356514110910020000000000000	2230
0.9366307180772550000000000000	2235
0.9375948561142990000000000000	2240
0.9385384541880140000000000000	2245
0.9394764223114640000000000000	2250
0.9403957112545210000000000000	2255
0.9412840199060110000000000000	2260
0.9421772665839640000000000000	2265
0.9430587876943150000000000000	2270
0.9439149295546490000000000000	2275
0.9447824377428450000000000000	2280
0.9456455322367560000000000000	2285
0.9464900279919150000000000000	2290
0.9473241919507440000000000000	2295
0.9481306497272500000000000000	2300
0.9489247898190310000000000000	2305
0.9497547208872700000000000000	2310
0.9505794117321320000000000000	2315
0.9513256843122720000000000000	2320
0.9520605672095820000000000000	2325
0.9528296144200800000000000000	2330
0.9536122626693170000000000000	2335
0.9543214153197990000000000000	2340
0.9549872489043660000000000000	2345
0.9556248851215320000000000000	2350
0.9562369913921410000000000000	2355
0.9569103342126560000000000000	2360
0.9575984481587130000000000000	2365
0.9581534971617320000000000000	2370
0.9586734606310850000000000000	2375
0.9592759629239090000000000000	2380
0.9597868894384320000000000000	2385
0.9602610348018660000000000000	2390
0.9608044635100180000000000000	2395
0.9613983713647290000000000000	2400
0.9619442918199380000000000000	2405
0.9624186839012750000000000000	2410
0.9628495927888570000000000000	2415
0.9632303965601270000000000000	2420
0.9636529547167830000000000000	2425
0.9642077586095620000000000000	2430
0.9646339896929580000000000000	2435
0.9650483444975950000000000000	2440
0.9655054432191850000000000000	2445
0.9657515562318250000000000000	2450
0.9660273759595370000000000000	2455
0.9664456230785360000000000000	2460
0.9668595169514020000000000000	2465
0.9671542762571660000000000000	2470
0.9673940865123200000000000000	2475
0.9675714091337490000000000000	2480
0.9676704391863640000000000000	2485
0.9677367464943640000000000000	2490
0.9677832861664790000000000000	2495
0.9678558915112800000000000000	2500
0.9680536146183500000000000000	2900
0.9680614358924510000000000000	2905
0.9680855314341840000000000000	2910
0.9681194045600320000000000000	2915
0.9681548321387470000000000000	2920
0.9681888036886850000000000000	2925
0.9682484761616660000000000000	2930
0.9683545656624890000000000000	2935
0.9684242309661590000000000000	2940
0.9684506880596270000000000000	2945
0.9685082378291170000000000000	2950
0.9685734931741270000000000000	2955
0.9686334461405620000000000000	2960
0.9687376835106030000000000000	2965
0.9688052047788400000000000000	2970
0.9688156923953340000000000000	2975
0.9688347769722210000000000000	2980
0.9689071846679340000000000000	2985
0.9690577822875240000000000000	2990
0.9691850575735320000000000000	2995
0.9692912999427040000000000000	3000
0.9693855027544160000000000000	3005
0.9694711427960650000000000000	3010
0.9695803493549370000000000000	3015
0.9696348999250750000000000000	3020
0.9697068373800600000000000000	3025
0.9698269884187860000000000000	3030
0.9699029619533050000000000000	3035
0.9699431150151230000000000000	3040
0.9699985647155640000000000000	3045
0.9700452287886890000000000000	3050
0.9700570151138460000000000000	3055
0.9701159608391310000000000000	3060
0.9701984041863850000000000000	3065
0.9702401835007880000000000000	3070
0.9703100087202180000000000000	3075
0.9703967493318350000000000000	3080
0.9704452963751150000000000000	3085
0.9704827322793620000000000000	3090
0.9705101598375060000000000000	3095
0.9705559654898780000000000000	3100
0.9706042085890070000000000000	3105
0.9706202604046640000000000000	3110
0.9706485961521480000000000000	3115
0.9707587981295570000000000000	3120
0.9708760195375050000000000000	3125
0.9709563983173060000000000000	3130
0.9711139972651420000000000000	3135
0.9712493943551630000000000000	3140
0.9713097965291170000000000000	3145
0.9714011438481900000000000000	3150
0.9715145801042470000000000000	3155
0.9716518353874030000000000000	3160
0.9718667856386560000000000000	3165
0.9721124352495690000000000000	3170
0.9723140701877530000000000000	3175
0.9724984565323130000000000000	3180
0.9726724259196790000000000000	3185
0.9727871952635540000000000000	3190
0.9728518670354430000000000000	3195
0.9728811152667760000000000000	3200
0.9728881178421310000000000000	3205
0.9728922987497950000000000000	3210
0.9728982534720780000000000000	3215
0.9729180721200060000000000000	3220
0.9729350888790370000000000000	3225
0.9729401800654210000000000000	3230
0.9730123696391820000000000000	3235
0.9731168222505350000000000000	3240
0.9731592659086850000000000000	3245
0.9731909921183140000000000000	3250
0.9733103079831020000000000000	3255
0.9734165318334510000000000000	3260
0.9734515516297530000000000000	3265
0.9734865479658580000000000000	3270
0.9735549295267520000000000000	3275
0.9736391258499430000000000000	3280
0.9737734409180490000000000000	3285
0.9739645083442640000000000000	3290
0.9740605062117780000000000000	3295
0.9740894532853340000000000000	3300
0.9741446955533240000000000000	3305
0.9742207344554460000000000000	3310
0.9742588514753040000000000000	3315
0.9742943705288350000000000000	3325
0.9743739434628690000000000000	3330
0.9745077290688880000000000000	3335
0.9746299217833970000000000000	3340
0.9746983236140060000000000000	3345
0.9748115521540790000000000000	3350
0.9749257667999330000000000000	3355
0.9750128390477070000000000000	3360
0.9751350325236640000000000000	3365
0.9752445605947960000000000000	3370
0.9753667813001900000000000000	3375
0.9755007022217940000000000000	3380
0.9756253083287580000000000000	3385
0.9757970694250080000000000000	3390
0.9759894614388850000000000000	3395
0.9762085157411050000000000000	3400
0.9763772176961180000000000000	3405
0.9764921736502770000000000000	3410
0.9766353895947180000000000000	3415
0.9768396406868150000000000000	3420
0.9770714214953080000000000000	3425
0.9772587128617010000000000000	3430
0.9774618294986650000000000000	3435
0.9776586199968680000000000000	3440
0.9778533817843640000000000000	3445
0.9780798237173950000000000000	3450
0.9782762074255530000000000000	3455
0.9784868436562030000000000000	3460
0.9787130063336810000000000000	3465
0.9789368372558610000000000000	3470
0.9791723833732910000000000000	3475
0.9793977089593280000000000000	3480
0.9796350793511140000000000000	3485
0.9798645657313360000000000000	3490
0.9800961525532920000000000000	3495
0.9803433693439200000000000000	3500
0.9805862728315470000000000000	3505
0.9808299966076080000000000000	3510
0.9810708291175900000000000000	3515
0.9813136472675100000000000000	3520
0.9815561213481880000000000000	3525
0.9817886830719710000000000000	3530
0.9820011982419250000000000000	3535
0.9821923502809380000000000000	3540
0.9823846864314280000000000000	3545
0.9825929243042000000000000000	3550
0.9827964002817490000000000000	3555
0.9830028586214430000000000000	3560
0.9832282647952710000000000000	3565
0.9834283430532440000000000000	3570
0.9836056799302650000000000000	3575
0.9838026134316070000000000000	3580
0.9840052770070440000000000000	3585
0.9842005286598720000000000000	3590
0.9844013328802690000000000000	3595
0.9846109337770170000000000000	3600
0.9848280776706490000000000000	3605
0.9850372560500160000000000000	3610
0.9852373708721050000000000000	3615
0.9854603571146720000000000000	3620
0.9856917409910200000000000000	3625
0.9859058613955490000000000000	3630
0.9861209186002780000000000000	3635
0.9863524925024640000000000000	3640
0.9865875637745250000000000000	3645
0.9868084927221250000000000000	3650
0.9870337805865280000000000000	3655
0.9872678266807350000000000000	3660
0.9874944268224810000000000000	3665
0.9876890165139720000000000000	3670
0.9878256363695490000000000000	3675
0.9879671222282600000000000000	3680
0.9881583986712050000000000000	3685
0.9883645983305170000000000000	3690
0.9885785694649410000000000000	3695
0.9888056485589060000000000000	3700
0.9890399332303930000000000000	3705
0.9892581174139150000000000000	3710
0.9894598435387790000000000000	3715
0.9896728475115450000000000000	3720
0.9899021552072640000000000000	3725
0.9901197152402360000000000000	3730
0.9903145051136150000000000000	3735
0.9905049602728380000000000000	3740
0.9907147935529750000000000000	3745
0.9909297183592980000000000000	3750
0.9911302461404770000000000000	3755
0.9913263525047400000000000000	3760
0.9915178618104510000000000000	3765
0.9917125063612710000000000000	3770
0.9919129390111480000000000000	3775
0.9921186137463690000000000000	3780
0.9923219000137660000000000000	3785
0.9925053236498970000000000000	3790
0.9926896360565470000000000000	3795
0.9928975320231150000000000000	3800
0.9931105331415480000000000000	3805
0.9933058466601940000000000000	3810
0.9934841698899910000000000000	3815
0.9936784770053730000000000000	3820
0.9938925623189900000000000000	3825
0.9941062301515980000000000000	3830
0.9942998412582500000000000000	3835
0.9944868084144310000000000000	3840
0.9946862340822850000000000000	3845
0.9948842543189200000000000000	3850
0.9950794707405310000000000000	3855
0.9952655420407810000000000000	3860
0.9954472345944300000000000000	3865
0.9956219934644720000000000000	3870
0.9957818463742250000000000000	3875
0.9959325419502200000000000000	3880
0.9960835453338730000000000000	3885
0.9962386943909050000000000000	3890
0.9964020599696430000000000000	3895
0.9965775235327200000000000000	3900
0.9967583523793260000000000000	3905
0.9969303828133060000000000000	3910
0.9970918867848150000000000000	3915
0.9972514371498150000000000000	3920
0.9974096451975460000000000000	3925
0.9975692463997920000000000000	3930
0.9977348230932890000000000000	3935
0.9979046655087900000000000000	3940
0.9980768803987840000000000000	3945
0.9982519095097710000000000000	3950
0.9984292249244820000000000000	3955
0.9986081581076980000000000000	3960
0.9987883113497490000000000000	3965
0.9989679066156070000000000000	3970
0.9991442908130960000000000000	3975
0.9993174862068940000000000000	3980
0.9994900041955550000000000000	3985
0.9996625643371550000000000000	3990
0.9998327411627630000000000000	3995
1.0000000000000000000000000000	4000
